-14
-4
-2
22
-12
8
-10
0
4
8
-24
0
-18
-16
26
20
8
14
-10
14
8
2
2
-12
-38
28
-24
20
6
-22
-2
-10
16
-10
-20
4
10
-14
-4
-6
-10
-28
14
2
-8
0
-10
34
-14
-34
-8
0
-16
-12
32
6
8
-24
-10
-16
-10
-12
-4
-2
-10
-8
6
28
8
-16
-12
-2
18
-8
-8
0
-34
-28
-8
30
12
10
-8
-10
16
4
-4
4
16
24
8
-36
-18
-4
2
38
10
28
-26
18
-6
-14
6
-6
-30
38
-8
38
-42
14
20
2
-26
0
-2
8
16
26
6
-8
12
-10
-22
8
-20
10
18
2
-12
-26
28
-26
4
-2
-24
-16
32
-16
-16
-16
-26
6
-18
24
-4
38
0
2
26
-18
-10
48
14
-14
-6
-14
24
-30
12
-16
-4
26
2
14
18
-8
-2
4
-10
-2
14
-26
0
-10
30
14
2
26
16
6
-24
-14
-18
-32
4
-28
6
12
-16
-10
12
2
0
14
0
-16
-36
-22
16
6
2
-46
8
-18
20
-12
24
-6
-6
-8
18
-18
20
-18
20
-12
28
-4
0
4
-10
-6
-8
-4
-18
-4
-24
-24
8
-28
2
-4
4
-6
-14
-10
38
-4
-34
30
22
-20
-16
10
2
-14
18
2
-4
22
-16
10
-32
-16
22
8
-16
6
-2
-14
-20
-8
22
-18
-10
-6
-12
-10
-22
20
-4
0
-14
24
-20
-10
-6
-6
-4
38
0
6
-8
-6
38
-10
0
-2
-28
-8
-26
-16
8
-18
-36
8
0
0
-20
-10
-4
-32
6
28
-6
44
-20
-24
2
6
-14
-6
-16
6
-16
12
8
0
-12
10
16
0
-42
-8
-12
6
-20
-8
-32
22
-20
0
36
8
-16
10
20
14
-16
-8
-4
12
24
-14
-10
-36
20
0
26
20
-46
16
-14
-30
8
20
-4
28
6
-4
-8
46
-12
-10
0
-8
-2
-12
14
32
-6
16
10
4
-12
-6
-16
-12
20
-20
-4
10
22
22
16
-20
-14
-24
12
16
4
8
-20
-4
8
2
-8
0
-8
-6
4
24
-26
-26
6
20
8
-14
0
6
-6
28
28
38
-4
-22
-2
-12
-22
12
-6
22
-8
-22
30
-10
-16
-12
-2
-10
6
0
-6
10
22
-10
8
14
4
14
16
-18
-46
-28
8
-6
-6
24
2
8
-24
0
-4
28
-12
-16
20
-12
6
-6
-42
-46
0
2
10
-50
8
-12
-4
-10
-24
-14
0
4
22
-8
-4
0
-12
-20
-10
26
-20
0
14
-6
32
-20
-34
24
-16
18
16
6
14
26
14
-2
-30
4
-8
-22
-18
8
34
-10
6
20
-10
-2
-4
-2
38
0
-2
32
-32
-4
-4
12
-4
-20
10
12
-10
-16
26
8
8
-8
16
30
4
-18
4
16
-12
-20
20
30
0
12
10
-20
12
2
-32
14
34
2
22
14
22
-18
-20
-6
-16
8
10
12
-10
-8
8
-14
-16
-4
26
-18
6
6
-2
10
6
2
22
2
-14
10
-4
6
-18
8
6
-2
22
26
26
2
34
16
-30
-30
-18
-22
-6
14
-42
6
14
-28
-20
22
-30
-12
36
-8
0
6
-2
8
-6
6
16
-10
-38
2
-2
8
-26
4
-18
2
12
-8
-12
4
16
-30
8
-2
-10
-4
6
-8
-16
18
0
12
-4
0
-22
-2
-12
8
-8
20
-4
12
-42
-22
4
10
28
6
6
2
-4
38
26
14
-18
-2
-20
4
-18
-30
-16
4
-4
20
4
-4
-14
-18
28
-4
4
-34
22
-12
10
-12
12
-10
-6
-16
-2
-14
4
-22
-6
14
-10
-18
-24
-20
-20
0
-16
14
-16
-6
16
-2
8
12
-12
20
32
0
10
-36
6
0
-20
-38
-26
12
-8
-10
-22
28
-24
6
-10
-30
-22
-6
-10
12
-16
16
-8
14
-10
18
-18
6
-10
4
-6
18
-24
-34
-2
24
-18
4
-4
-18
-10
20
0
18
-38
-6
-2
10
-18
-14
-16
-12
-18
24
2
0
28
-32
-10
44
-4
-8
16
8
-4
-8
-2
34
8
16
-6
-10
26
8
16
-12
22
4
2
16
-6
8
-4
-8
-2
2
-14
4
20
2
-16
18
20
4
-44
-30
12
-4
-20
-18
28
8
30
-8
36
28
40
-6
42
22
-8
-14
8
-32
-36
22
16
-4
14
4
14
-12
-14
28
36
2
12
-12
-18
4
-6
-2
24
8
-4
8
-10
-36
20
10
34
-24
-6
-6
8
8
0
-18
2
-2
-2
12
12
16
0
-24
-30
24
6
-6
16
4
-2
-18
-2
-4
6
-10
-16
-12
-14
4
-16
26
6
-34
-10
2
-16
2
-10
-24
-8
-22
-24
-6
2
14
26
22
10
20
-10
30
-28
-34
-2
-26
18
-22
-8
-2
-16
44
14
-14
-28
-4
2
-6
34
-16
8
-6
0
-8
10
20
12
-20
22
-6
6
-8
-4
-10
-24
4
-12
-12
-12
20
-30
-4
-10
40
-12
34
26
18
0
18
-4
24
30
-18
6
12
8
14
-22
24
2
-4
20
-18
-6
-22
-6
-12
-28
-8
-8
14
28
4
6
10
6
-4
0
-16
2
12
18
-4
14
18
-16
16
-10
0
-14
0
-6
30
-20
2
-4
44
