0.000000	1.000000
0.000000	1.897000
0.024000	2.929897
-0.003976	3.810930
0.007996	4.963811
-0.001992	5.744964
-0.010002	6.685745
-0.056010	7.806686
-0.088056	9.031807
-0.086088	10.173032
-0.046086	11.314173
-0.080046	12.603314
-0.076080	13.652603
-0.072076	15.117653
-0.058072	16.039118
-0.074058	17.036039
-0.022074	18.153036
-0.012022	19.106153
0.001988	20.139106
-0.045998	21.576139
-0.036046	22.253576
-0.054036	22.730254
0.001946	23.710730
-0.029998	25.075711
-0.010030	26.249076
-0.010010	26.966249
-0.042010	27.954966
-0.038042	29.447955
-0.014038	30.877448
-0.006014	32.658877
-0.018006	33.008659
-0.056018	34.081009
-0.010056	35.258081
-0.052010	36.387258
-0.012052	37.548387
-0.030012	38.177548
-0.028030	38.814178
0.005972	39.818814
0.014006	40.639819
-0.033986	42.524640
-0.044034	43.066525
-0.066044	44.295067
-0.134066	45.996295
-0.098134	47.073996
-0.066098	48.623074
-0.072066	49.064623
-0.100072	50.289065
-0.154100	51.558289
-0.166154	51.819558
-0.140166	53.387820
-0.180140	53.725388
-0.124180	53.885725
-0.110124	55.613886
-0.090110	56.907614
-0.120090	57.040908
-0.144120	57.697041
-0.176144	57.905697
-0.178176	58.685906
-0.218178	59.434686
-0.224218	61.139435
-0.206224	62.677139
-0.220206	63.734677
-0.212220	64.015735
-0.258212	64.836016
-0.248258	66.968836
-0.238248	68.038969
-0.216238	69.748039
-0.298216	71.609748
-0.300298	72.159610
-0.284300	73.064160
-0.294284	74.401064
-0.310294	75.102401
-0.300310	76.355102
-0.354300	76.680355
-0.360354	77.100680
-0.404360	77.581101
-0.376404	78.389581
-0.354376	79.034390
-0.374354	80.039034
-0.392374	83.016039
-0.388392	83.979016
-0.368388	85.803979
-0.368368	87.205804
-0.382368	87.603206
-0.368382	87.783603
-0.382368	88.795784
-0.398382	89.696796
-0.446398	91.005697
-0.454446	90.891006
-0.500454	92.202891
-0.480500	93.260203
-0.432481	93.437260
-0.398432	94.621437
-0.384398	95.638621
-0.398384	97.607639
-0.380398	98.441608
-0.400380	99.914442
-0.400400	101.843914
-0.360400	102.821844
-0.368360	103.934822
-0.380368	104.463935
-0.390380	105.764464
-0.362390	107.201764
-0.364362	109.083202
-0.358364	109.629083
-0.394358	110.713629
-0.384394	111.422714
-0.378384	113.355423
-0.340378	115.345355
-0.400340	117.819345
-0.350400	118.933819
-0.376350	119.062934
-0.404376	119.487063
-0.434404	120.091487
-0.444434	121.368091
-0.434444	122.501368
-0.468434	123.906501
-0.494468	124.735907
-0.532494	126.324736
-0.546532	127.650325
-0.514547	127.759650
-0.516515	128.839760
-0.522517	129.616840
-0.476523	130.473617
-0.482477	130.186474
-0.476482	131.794186
-0.466476	133.147794
-0.478466	135.241148
-0.514478	135.927241
-0.522514	137.755927
-0.476523	139.513756
-0.522477	139.503514
-0.566522	140.003504
-0.520567	140.900004
-0.566521	142.236900
-0.646567	142.842237
-0.672647	143.846842
-0.634673	144.811847
-0.620635	145.952812
-0.608621	146.545953
-0.630609	147.418546
-0.630631	146.519419
-0.574631	147.762519
-0.548575	149.419763
-0.532549	151.493420
-0.538533	151.291493
-0.562539	152.311291
-0.558563	152.660311
-0.560559	153.168660
-0.572561	151.953169
-0.570573	152.503953
-0.566571	153.156504
-0.566567	154.401157
-0.548567	155.042401
-0.522549	156.619042
-0.530523	157.504619
-0.540531	160.381505
-0.536541	159.656382
-0.550537	159.607656
-0.550551	159.515608
-0.506551	159.639516
-0.534507	160.443640
-0.512535	161.408444
-0.484513	162.961408
-0.472485	163.458961
-0.480472	164.339459
-0.506480	165.924339
-0.524506	166.189924
-0.538525	168.478190
-0.532539	170.976478
-0.542533	171.242976
-0.520543	172.395243
-0.532521	173.308395
-0.544533	175.341308
-0.562545	175.415341
-0.596563	177.263415
-0.588597	179.137263
-0.586589	180.791137
-0.566587	182.188791
-0.622567	183.186189
-0.654623	182.783186
-0.680655	184.334783
-0.662681	184.616335
-0.718663	186.420616
-0.660719	188.122421
-0.634661	190.024122
-0.614635	191.398024
-0.618615	192.035398
-0.636619	192.040035
-0.662637	193.404040
-0.654663	195.113404
-0.678655	196.967113
-0.690679	196.100967
-0.650691	196.896101
-0.702651	199.532896
-0.694703	200.771533
-0.640695	201.784772
-0.648641	203.977785
-0.682649	202.683978
-0.718683	203.790684
-0.654719	203.603791
-0.640655	203.755604
-0.630641	205.419756
-0.630631	207.169420
-0.612631	206.879169
-0.614613	207.898879
-0.578615	209.799899
-0.640579	210.729800
-0.652641	212.186730
-0.628653	213.852187
-0.636629	215.765852
-0.618637	216.819766
-0.580619	215.880820
-0.604581	215.455881
-0.560605	216.991456
-0.572561	216.888991
-0.562573	217.816889
-0.554563	219.645817
-0.596555	219.211646
-0.590597	219.671212
-0.588591	219.675671
-0.608589	220.003676
-0.538609	219.924004
-0.546539	221.383924
-0.548547	222.885384
-0.482549	223.266885
-0.456483	223.031267
-0.446456	225.067031
-0.438446	225.785067
-0.456438	226.793785
-0.460456	228.594794
-0.450460	230.016595
-0.456450	229.598017
-0.494456	231.145598
-0.456494	231.839146
-0.480456	232.951839
-0.474480	234.504952
-0.454474	234.598505
-0.456454	236.618599
-0.428456	236.220619
-0.470428	236.980221
-0.464470	236.668980
-0.482464	236.324669
-0.550482	236.448325
-0.586550	238.740448
-0.552587	237.630740
-0.540553	239.757631
-0.510541	241.603758
-0.502511	244.073604
-0.516503	245.764074
-0.502517	245.133764
-0.532503	247.173134
-0.556533	248.535173
-0.576557	249.264535
-0.542577	250.953265
-0.566543	252.382953
-0.602567	251.780383
-0.612603	252.099780
-0.596613	253.620100
-0.624597	255.565620
-0.672625	257.463566
-0.702673	258.573464
-0.690703	259.890573
-0.638691	260.887891
-0.594639	262.692888
-0.618595	264.906693
-0.604619	265.064907
-0.598605	267.397065
-0.618599	268.475397
-0.634619	268.160475
-0.640635	269.612160
-0.590641	270.233612
-0.614591	271.742234
-0.574615	273.243742
-0.586575	274.481244
-0.596587	275.842481
-0.564597	276.963842
-0.582565	275.464964
-0.610583	277.763465
-0.580611	277.357763
-0.588581	278.573358
-0.614589	279.298573
-0.622615	281.239299
-0.636623	281.689239
-0.636637	282.601689
-0.622637	284.622602
-0.640623	284.908623
-0.606641	286.184909
-0.604607	287.214185
-0.602605	290.555214
-0.570603	291.842555
-0.594571	293.599843
-0.550595	295.045600
-0.536551	296.079046
-0.598537	297.880079
-0.662599	297.733880
-0.690663	299.697734
-0.696691	301.747698
-0.680697	302.469748
-0.740681	303.374470
