2.399305	0.000049
1.653591	4.747604
2.167697	3.347472
1.204961	0.295590
0.516838	4.268142
1.531954	2.409613
2.767544	5.221105
1.511361	0.335909
2.965888	4.216952
2.618574	2.409070
1.187968	2.623140
0.533813	3.700646
1.516913	5.316619
1.257877	0.577832
1.156680	2.613799
1.018791	5.719710
2.702343	1.649039
1.921471	4.624935
1.032329	3.974982
1.843486	6.226866
0.264969	1.552190
1.039430	4.540605
2.595631	4.093608
0.692873	3.968675
1.698319	1.713486
1.615348	4.816025
2.037770	1.493980
2.300952	2.257327
0.651273	3.056876
2.644287	5.712718
1.561750	5.684098
1.941138	3.243955
1.582843	6.199250
2.529651	1.672234
2.591549	5.954973
1.804637	3.146033
0.595916	1.740955
1.641965	3.328498
2.690181	5.912346
0.999873	4.784731
2.417754	5.201325
1.184338	0.099700
1.308720	5.455353
1.103108	4.625831
0.680681	6.279774
1.968559	1.465205
1.544246	2.205492
0.806592	3.714073
0.818905	2.589178
1.740825	1.692169
1.635006	3.375978
2.269655	1.804607
1.426992	0.965850
2.775945	5.041660
1.573836	3.358045
1.051136	6.002704
0.673770	3.484550
0.817456	3.926041
2.182786	1.003848
2.402597	4.490651
2.038484	0.571709
1.743061	0.018847
1.137749	0.168869
2.117856	5.892978
1.944344	1.136602
1.261785	5.573122
1.199641	0.944582
1.797277	2.424143
2.353126	3.139963
0.807715	3.689399
0.425536	3.707759
2.351384	3.494366
1.754291	6.178283
1.440632	0.891079
1.593769	1.584156
0.397090	2.915587
2.214905	0.791874
1.309288	2.005903
1.263474	0.796155
0.919590	3.905838
1.617950	1.557234
2.206196	2.446131
0.637902	0.178286
2.368792	2.679760
1.751146	5.953230
0.689920	0.824281
2.312578	0.579144
1.843485	0.446505
2.388798	1.590005
1.660301	4.920692
1.666341	2.196123
0.528927	5.082744
2.176698	4.094409
0.613142	4.270001
0.764513	1.571584
1.558884	2.961026
0.882629	3.772382
1.646378	4.749101
1.302097	5.977613
0.864008	2.760391
1.154459	4.328991
0.430326	6.202413
2.005749	5.348681
1.541923	3.376743
1.743598	0.649894
0.717987	3.623614
1.093369	2.764842
1.124880	5.461741
1.144973	5.031070
2.864355	4.660334
1.520801	5.567093
2.625213	2.911140
1.592912	4.482561
1.198132	4.195148
0.585804	1.253838
0.676071	5.440497
2.376921	3.417725
0.206644	2.829614
1.678960	1.354226
1.541473	1.983804
1.691639	5.538649
0.910565	2.937586
2.185801	2.294354
2.336149	6.277630
1.335943	3.961471
3.082288	0.003739
1.098795	4.859110
1.736101	2.005450
1.201323	4.288234
0.832756	1.289697
0.853412	4.454276
2.561706	0.594067
1.308661	4.800380
2.180844	1.343672
1.795024	0.509320
0.462163	5.982591
2.050561	2.449520
2.017428	4.349022
0.967050	4.881188
2.021599	2.654391
2.928434	1.218733
0.259682	1.205264
0.877011	1.533437
1.775945	0.857371
2.273442	3.776255
2.324766	5.204702
2.077917	6.207386
2.492653	1.467746
1.297990	1.378597
0.940308	4.373139
1.040394	4.374619
1.300663	4.206719
1.373077	0.354627
1.941685	1.426330
2.442034	4.397186
1.518526	4.791369
1.393897	3.480325
1.152747	2.071353
2.313965	0.898779
0.766343	3.049385
1.456879	5.109895
1.947638	4.643249
1.513669	0.850317
1.393633	1.952428
1.709545	3.255212
1.833350	1.626356
1.677265	2.469400
1.797060	2.990142
2.574514	1.754848
2.085360	2.323156
1.210583	4.220941
1.095933	3.229155
0.474534	4.528714
0.494247	2.894644
1.650011	2.020420
1.242204	3.249317
1.357913	2.524788
2.345091	6.198374
1.888478	4.210349
1.525165	3.403662
2.896434	5.210256
1.280791	1.722909
0.581398	3.431475
0.347658	1.675179
0.812135	1.550269
1.659409	4.360676
2.843276	5.133995
1.144062	1.010014
1.697861	4.447400
1.043244	3.659457
1.168689	6.229981
1.038254	1.756223
3.011056	1.075548
2.568386	3.114516
0.632415	1.024668
1.054850	4.919680
2.982154	2.742141
1.533831	3.674323
1.482637	0.420029
2.175293	2.448753
1.314269	2.423859
1.138849	4.140951
2.025752	3.384506
1.829865	5.126649
1.960227	4.310900
2.485539	0.058732
0.986322	3.273286
2.666920	1.386605
2.317812	0.443812
1.988821	4.547538
1.615202	0.317945
1.530809	2.872430
2.345322	2.805374
0.840132	1.796627
1.414610	4.370815
1.915216	4.279879
0.229563	0.361127
3.060147	3.407954
2.797225	5.379612
1.591494	2.372217
1.072514	3.620198
1.498199	4.268366
2.426429	0.223604
2.243942	6.115769
1.340515	2.207399
2.416042	3.817732
0.432175	3.473732
0.828200	2.242624
2.073700	6.121403
1.722708	1.580393
0.650422	5.108527
1.022499	1.536779
1.667243	4.365908
1.233426	1.656373
2.190600	0.732437
1.476708	0.714245
2.275820	0.038198
1.707404	3.765882
1.186584	0.518403
0.833332	2.358141
0.327988	0.776836
2.566779	0.186204
1.001696	3.105428
2.094037	5.868682
1.002463	2.259795
1.048925	3.141309
1.198955	4.221690
2.757836	4.754923
2.161163	1.448725
1.260602	3.534930
1.830784	3.874274
2.132486	1.412466
2.302509	4.102989
2.319220	4.675341
1.240856	0.299322
0.454879	0.785051
1.326276	3.042193
2.872871	5.742984
1.111025	3.729354
2.673901	3.120114
1.532437	2.774857
2.624555	4.850264
0.303285	2.782131
1.919721	2.938903
1.062662	2.801858
2.287949	1.290196
0.496089	2.340609
2.082984	6.062334
2.422346	0.441929
2.318332	3.307075
2.481003	3.252848
1.836798	5.287774
1.923616	2.663380
1.416635	4.483341
1.028048	5.478206
1.159735	5.256495
0.514613	2.444535
1.850252	3.805110
1.660773	3.389805
2.116616	2.523904
1.728289	0.522042
2.004756	2.968048
2.173932	0.659540
1.515891	5.039228
0.756438	4.202319
1.133901	1.531527
1.807353	1.656642
1.651358	0.508972
0.938864	1.463145
3.027887	3.087197
1.235152	1.672075
2.247659	2.671552
2.391934	6.053690
0.468849	5.000504
1.357173	1.075399
1.880752	0.400890
1.551479	1.837629
0.838368	5.188879
1.918917	4.564373
1.304120	5.039640
2.731689	0.284884
1.007318	0.963306
1.532180	0.387869
2.163938	5.838015
2.535736	1.285306
1.145136	4.396284
2.067401	3.107855
1.816530	4.470930
2.135049	1.260686
1.631837	2.740071
0.302896	5.410996
2.769349	2.792994
2.783944	3.290952
1.386580	4.732326
1.918609	5.170372
1.497675	1.458188
1.764850	2.705653
0.365852	6.203539
0.745088	5.344037
2.350712	1.957871
1.287995	6.268092
0.527974	2.940998
0.888195	4.340249
1.424664	3.402560
0.472352	1.000384
2.331142	5.160587
1.888908	0.258080
2.509721	0.691272
2.841097	3.259546
0.775955	3.527903
1.214240	3.247827
1.162637	4.631803
2.234492	0.143254
1.884156	4.215957
2.372553	0.416514
2.161189	5.787547
1.397905	2.388328
2.815560	1.051256
1.018448	4.342472
2.578019	4.484276
0.552898	3.705878
1.710357	5.841458
0.846629	3.179098
1.366094	5.775726
1.532113	4.547995
2.314694	3.083892
1.421522	6.133110
1.507900	1.716886
1.230148	4.389167
1.473169	0.612186
1.228203	3.837375
1.427137	3.110962
1.688441	3.700090
1.566247	0.950123
2.783842	4.595291
1.526655	0.324317
2.764886	2.014653
2.474525	1.540273
1.466951	2.406260
1.346704	3.752117
0.995527	5.876354
1.597437	3.224204
1.165826	4.084870
1.597100	2.560633
1.136359	3.014562
2.033877	3.356466
2.026164	3.804705
1.509779	4.419397
2.128447	5.895219
1.374587	2.598059
0.572582	4.919745
0.873230	4.281931
2.140593	3.313831
0.645096	0.902793
1.262927	1.579730
0.511785	0.030257
0.770544	1.730093
0.439741	1.752558
2.425080	3.184441
1.153880	2.616790
2.472722	2.742553
2.498540	4.814014
1.886880	2.772549
1.029506	1.866508
1.916101	2.126917
1.423903	0.349384
2.208107	3.049140
0.321711	0.719264
1.587116	5.432497
0.914957	2.308408
2.319706	1.019156
2.348293	0.362684
1.811909	2.941165
1.723118	5.552475
1.263388	2.590228
2.646059	1.937277
0.651271	5.117125
0.639430	5.777333
2.289497	4.838340
2.785289	3.596756
1.526352	5.047076
2.032645	5.413725
1.396186	5.463188
0.897213	2.445237
0.495475	3.302881
1.410384	2.639175
0.705067	4.707013
2.240690	2.124247
1.117603	4.669195
2.594926	5.523932
0.710371	4.461771
2.532721	2.258046
1.737981	1.011775
1.213881	0.605878
0.894263	3.534990
1.001879	5.517837
0.655000	3.991110
1.597858	5.519227
1.818348	0.710443
1.186231	2.404068
2.579903	0.764912
1.615530	0.900393
2.122292	4.452186
0.311869	2.456514
1.199957	3.950654
1.849594	5.709466
0.941525	5.398590
2.592461	2.694688
1.603056	3.132986
1.571482	2.832048
0.524275	4.654321
2.356905	1.885719
2.566894	0.691266
1.755490	6.110243
0.386271	1.497975
2.219106	5.236867
2.223561	0.813556
1.418854	2.130747
1.398597	2.766284
1.837543	2.719846
1.369168	2.402166
2.349595	2.698455
0.135742	4.210966
1.766565	4.386077
0.877528	5.336168
1.825027	4.984963
1.611250	0.060368
1.273443	4.015316
0.929706	4.052010
1.859444	2.371046
1.908569	2.447302
2.360586	4.357943
1.230557	1.831706
1.950454	5.368130
1.364845	0.905673
0.570448	0.035112
1.537727	2.399892
2.062052	2.164276
0.840224	1.828404
1.298194	0.781569
1.654803	0.305975
2.329876	2.367606
1.232430	4.749177
0.940033	0.072449
2.007209	3.524326
1.937754	2.611040
1.117078	3.233263
2.136736	5.290713
1.826867	2.921723
2.591162	0.314430
1.438041	1.272026
1.726318	5.224614
1.997545	5.275035
1.859749	1.138486
1.390991	5.869182
1.644746	2.318748
0.475849	3.944771
2.688361	2.549628
1.377745	2.795073
0.754896	4.701773
2.482979	0.823241
0.840949	4.180251
1.248034	3.652319
2.865647	6.170286
2.227668	5.789780
1.524635	6.080379
1.115655	1.751724
0.830965	3.709957
1.245304	5.244517
1.280691	4.589538
1.500987	2.196154
1.931724	4.172957
1.686312	5.461265
2.033831	5.767754
2.442652	5.980037
0.832876	2.613849
1.911493	6.047783
1.498822	3.306094
0.535957	5.140316
2.110105	4.165076
1.376123	5.915168
2.101398	0.791892
2.223887	5.571456
0.833898	1.023895
1.321744	3.785020
1.220372	5.269569
0.733900	2.460213
2.447738	4.193067
1.210950	0.000253
1.661828	3.950569
2.780358	3.608719
0.781064	2.207863
1.242056	2.330037
2.646828	3.621814
2.027524	4.677629
2.274649	2.781084
0.652630	0.576801
1.381347	6.235550
1.178985	0.207367
1.431668	3.061240
1.702168	5.627996
2.206425	4.326561
2.043297	3.026735
2.107609	5.950925
1.616909	5.989518
0.395323	0.798514
2.171448	5.385664
0.970425	0.044032
0.402436	0.316630
1.423463	4.029869
2.406717	0.861383
1.567089	5.181278
1.560678	4.121061
2.439056	3.307807
1.226208	5.674066
1.799367	1.744122
0.847054	2.459824
2.423575	1.526821
1.270136	4.576081
0.799046	1.264281
2.479773	0.141726
1.852576	1.181105
1.116969	4.898734
1.408141	4.186885
2.326350	2.206480
2.293988	1.835259
1.221004	1.405527
0.687207	2.543212
1.892628	3.640237
1.160067	2.747260
0.947192	5.241949
2.021458	5.334846
2.291719	1.662917
2.593716	3.352278
1.046803	6.275236
2.306084	0.767935
0.992731	2.671024
1.703327	1.341885
0.538180	0.207830
2.057174	0.666288
0.945225	3.028799
2.179944	1.618073
1.811869	1.774775
0.541270	1.307676
1.335505	4.800749
1.862236	3.618186
2.219557	5.704171
0.949265	0.716953
2.870570	4.386681
2.451114	4.699624
1.256384	5.623218
1.808194	2.173293
1.914968	1.351193
0.593950	0.111747
1.785541	4.935249
0.845841	4.586617
2.405029	5.515355
0.486148	2.157800
1.871172	2.275714
1.426514	0.506771
0.811512	4.878220
0.883262	3.099464
1.700408	4.038415
1.877257	2.213655
0.576754	1.768995
1.059670	3.934229
0.985033	0.989853
1.344761	1.583080
1.950650	5.369625
2.416074	3.822966
2.394126	2.347784
2.415746	1.645330
1.045985	1.274338
1.653062	0.445792
2.130162	6.052233
1.194055	1.241041
0.783464	0.510989
2.433566	0.958578
0.476980	5.083871
2.645555	0.286012
2.371206	5.213294
2.147213	5.033882
1.371083	2.508337
2.673757	4.116780
0.896164	6.197500
2.782805	2.598595
0.320957	0.678889
1.221583	5.448266
2.121827	5.242490
1.390404	4.504655
2.146560	1.398258
1.675359	0.009887
0.523628	2.574632
1.543795	0.141131
0.768404	2.365626
1.350072	4.988042
1.320171	2.084782
1.277844	4.108402
2.817686	1.628096
2.195062	6.201760
1.449852	4.035845
2.431986	2.368341
2.381205	2.821819
1.485492	3.680688
0.686925	3.038554
1.849193	0.512674
1.984035	0.633402
0.598815	5.288351
0.346410	5.202015
0.932604	5.109985
1.673536	5.276588
1.172496	4.034400
1.634421	5.125563
1.768982	1.216635
1.636426	5.847454
1.535598	2.377835
0.645939	1.431034
2.383301	6.194257
1.182871	2.880718
1.753250	1.753103
2.786142	4.649124
2.232810	1.909662
2.037856	5.109416
1.754576	4.509821
1.110084	4.932755
1.301683	3.625766
3.108404	5.017721
1.882980	3.944547
1.586382	2.964759
1.942176	3.327696
2.380374	5.390494
1.798944	2.507884
2.663188	5.318312
1.010941	2.870653
0.392799	1.837798
0.060271	6.283180
1.875945	4.659710
2.216799	5.005085
1.485042	3.774522
2.210261	1.581431
1.543275	3.616750
1.353040	4.697939
0.931164	6.218056
2.355559	3.485767
1.523209	0.672366
1.427048	1.547550
1.205294	2.100878
0.810300	0.435843
1.913309	5.505711
1.060828	0.913577
1.766475	4.158781
1.459662	3.675832
1.339743	3.104622
1.340925	5.810872
2.740599	1.610904
1.889169	3.900059
2.287911	0.151844
1.723701	3.837283
1.091961	3.571596
1.842852	2.349740
2.544171	2.364216
1.735205	3.663818
1.927807	0.696217
1.442477	4.305013
1.507033	5.478121
2.645643	6.123198
2.465040	2.986673
1.471604	6.234038
2.412120	4.390086
2.649415	2.984411
0.580927	2.796689
0.771275	2.761526
1.472031	6.265441
0.805639	0.780901
1.235879	1.195425
0.328937	4.123479
2.320343	2.875286
2.018986	0.874525
1.373608	6.113305
2.634640	5.354577
0.453799	5.815857
2.021432	2.932156
1.709593	2.891837
2.217725	5.442107
1.025826	2.417553
1.218049	5.115920
1.195305	4.533850
2.295662	1.972833
0.570055	4.323091
3.017927	1.041528
2.270115	1.107764
1.227549	1.244399
1.535825	4.237704
1.636910	2.032012
2.519589	2.015797
1.680776	5.469116
1.261811	0.928496
0.700220	5.918639
2.204550	4.152725
2.887337	1.070319
2.468398	1.039324
1.448223	2.269437
2.104832	6.055975
2.793191	0.149922
0.687707	5.567976
1.475851	5.737948
1.596703	1.084327
0.509030	5.117140
1.472827	3.663493
1.039474	2.964109
2.285088	2.087978
1.812284	3.223043
0.365135	5.203509
1.979283	0.030020
0.674681	2.856120
2.093573	5.300066
0.824243	4.611294
1.140700	2.657541
1.518172	2.550180
2.526869	3.302190
0.971259	2.536444
1.965226	1.663717
1.031826	1.162187
1.275847	3.899798
2.334408	2.056568
1.660518	1.158336
2.311956	3.350068
1.753699	5.816777
2.298865	0.195956
0.241994	3.550382
1.910131	0.881273
1.866431	1.942247
1.934459	1.023329
1.284135	2.384985
2.750871	3.784427
2.574696	2.105513
1.588553	3.418231
2.088128	1.808747
1.247991	2.760329
3.059977	2.045670
2.495198	6.111624
0.425019	2.000417
2.303911	2.194520
2.445129	6.192006
0.397810	0.263171
2.164240	4.934063
2.083889	0.637498
2.110613	2.748959
1.472180	1.775586
0.790769	5.543663
1.455319	4.212672
0.636817	4.761602
1.024654	5.361941
0.082726	1.469950
1.823394	1.641685
1.057508	1.881831
1.009095	6.231876
1.283532	2.693031
2.489909	2.914145
0.757259	1.142787
0.531693	3.162686
2.001673	5.642522
0.314990	3.953007
0.848195	3.418357
2.240503	0.344380
1.011702	6.127947
2.779965	5.465597
1.822574	3.257435
2.231541	6.092592
1.375665	1.436154
1.471677	5.632899
0.983673	0.532643
1.140878	4.844897
0.696442	0.326321
0.146265	0.450105
1.571250	1.695939
1.050808	4.318541
1.181633	5.935390
2.288353	5.728835
2.020107	5.122877
0.606399	3.027721
1.773567	4.418226
0.635142	1.058313
1.473915	1.319871
2.064278	2.342225
2.127432	5.068652
1.905817	4.140063
1.665170	3.280642
1.230031	3.813075
0.878366	0.136759
1.487106	2.370741
1.055758	6.092799
1.026989	4.984359
1.758395	2.847715
1.154299	1.534514
1.242580	1.343465
2.034444	2.557564
1.979123	2.156066
0.430917	4.325347
0.635782	4.889457
0.322392	0.136069
1.751868	0.337734
0.937164	1.027618
1.365341	0.072751
2.465695	5.789748
2.594274	3.424430
1.806203	3.496697
1.790699	3.024910
1.452302	2.567763
1.161396	5.912963
2.930076	3.704789
1.797980	1.776647
1.439035	4.685960
2.051980	3.482822
2.314148	0.736157
0.906354	2.226164
2.235287	1.669655
1.269971	2.604059
2.594981	3.327978
1.815315	2.952754
1.584287	0.621138
2.174274	0.834499
1.868941	2.753860
0.669232	6.244260
1.692798	2.198735
0.267872	5.036781
1.416914	1.892609
2.365294	3.467822
1.571126	3.182713
2.558575	4.584468
2.283849	1.363844
1.824258	2.420400
2.305855	1.661046
2.104988	5.381562
0.949226	5.613175
2.092674	6.058220
1.471003	1.784932
1.540211	4.516964
1.871573	3.056672
1.747290	5.393962
0.589219	0.128197
1.433098	6.028805
1.771087	6.269871
0.911311	3.692375
2.721830	2.564953
2.403572	3.427068
0.352710	3.610938
2.196394	4.280954
0.848157	3.542847
1.969123	1.840170
0.246207	6.144852
1.911619	3.667525
2.559312	3.277139
1.198976	5.075174
2.203955	3.737011
2.307874	1.259165
2.220650	1.764239
0.732278	4.982906
2.529607	4.958688
2.101278	1.005356
1.536650	4.784263
0.743679	2.461707
1.376165	2.090380
0.230912	4.902199
0.868991	5.996376
1.188705	4.882273
1.311918	5.290114
1.778986	4.827957
1.731383	3.677277
1.615294	5.036592
0.892786	4.340248
1.993704	3.461523
1.622179	3.688139
1.712790	5.646312
1.642793	1.633120
1.249150	0.000246
1.445859	0.577050
1.228929	4.266546
1.260931	4.682628
2.027081	6.170010
2.997502	4.918281
2.650050	0.545459
2.178131	5.823059
2.085960	4.909402
1.074326	1.800704
1.624441	1.858925
0.562128	5.717527
2.092884	5.603253
1.194134	4.727501
1.622976	2.941200
1.558016	1.311631
0.836409	5.640856
0.329503	6.023723
2.349831	5.770697
1.779329	1.651787
0.998890	4.847163
1.661966	4.873962
1.294658	2.630598
1.065571	4.065820
2.043988	5.211848
2.264233	4.902271
0.957686	0.753962
2.578278	6.231992
0.819986	2.669928
0.474282	3.980660
0.469210	2.703987
1.818978	5.017488
0.853420	1.550637
2.144562	0.261402
0.762866	0.590620
0.429191	0.273262
0.740654	5.178799
1.046957	3.216826
1.736640	6.272495
1.764592	1.329537
1.850307	0.684268
2.204518	0.608693
0.866945	2.432157
0.371804	5.649877
1.737894	5.133768
1.104113	5.136127
1.741422	2.880990
1.362575	3.724076
0.224703	4.194140
3.011854	4.643880
2.403339	3.929887
1.207171	5.630330
2.125080	2.062954
1.200934	2.836602
2.357478	1.626272
1.371929	4.422413
2.591691	4.341467
2.206908	5.526971
1.086939	1.361810
0.411731	4.936208
1.069054	4.495366
2.176214	1.226660
0.825323	0.128542
2.168507	4.780413
2.047213	2.640181
0.834308	4.252777
1.322629	0.317252
1.655432	3.981600
1.103506	0.688142
1.746019	0.110064
2.490604	3.381449
1.699607	4.023462
2.111855	0.174675
1.303956	2.072822
1.481397	2.361022
2.571995	4.830829
2.698595	4.792312
1.630171	1.159837
1.899795	5.268323
0.784705	2.314408
2.029597	4.943057
1.151997	5.122660
0.736607	5.641617
2.260149	2.593791
1.508896	3.483668
1.103378	2.205197
2.128626	6.107188
2.122933	0.884975
0.870296	5.036347
0.743983	2.519653
2.745772	3.784801
1.595374	4.744624
1.864495	6.148729
2.304889	4.585994
1.959884	5.522152
2.345155	4.257381
0.620799	1.808618
1.386323	0.139291
0.851757	5.935068
2.186233	3.569532
1.405815	0.190878
2.332124	4.031581
1.965950	0.428913
1.836701	3.608471
2.765367	1.319679
2.625077	4.756056
0.998947	1.730060
1.976056	2.351212
0.363927	2.226971
1.164021	3.909911
2.333860	2.177693
1.439498	3.242178
1.183189	4.375717
1.653208	5.074717
2.313667	4.625247
2.917864	2.059880
0.913489	2.768609
1.443474	5.862817
1.418908	3.562939
1.096282	6.206441
1.549144	0.698530
1.621268	2.792785
1.399598	3.424247
1.102638	0.933010
1.885592	3.301537
2.776487	3.693208
1.029621	5.711110
1.753526	3.191651
2.311671	2.910429
2.767011	4.356032
2.287021	4.352719
0.464465	1.575355
0.876058	4.671102
1.912108	1.814011
0.836495	4.118941
1.688288	2.666040
2.650691	2.710758
1.278061	2.407416
2.192264	3.254756
1.183484	4.635911
1.839996	3.225281
2.422728	3.156029
0.893782	2.611224
1.489596	0.183011
1.086287	0.728520
1.471267	3.971166
1.144349	3.209333
1.113085	3.217563
1.147688	6.130168
1.808633	5.946864
2.254007	3.959441
1.973296	3.070860
1.158767	4.315532
1.590277	5.337167
2.267280	5.029751
2.131731	2.826341
1.515390	0.147491
1.898778	5.477675
1.214056	2.882208
1.376095	1.178950
0.873867	2.244113
2.682043	2.658417
2.378388	5.309371
0.778280	5.805729
2.842139	5.153061
2.036255	6.125521
2.500848	4.624102
0.971151	5.209048
0.933823	0.077684
2.878324	3.803486
1.314347	3.438095
1.956299	0.182552
1.937737	3.625650
0.891076	4.094260
1.076843	4.622097
2.404602	4.313823
1.947271	4.738953
2.484554	0.020226
0.695674	3.577634
1.336403	1.330738
0.712972	1.514019
1.819427	0.557167
0.917772	3.730133
1.270560	2.448914
2.633891	5.012885
1.385958	6.163398
1.914987	6.041801
2.092785	5.427173
2.321688	2.970242
1.126826	5.471086
2.598351	0.249754
2.250092	4.964705
2.122670	0.259536
2.232533	4.289173
1.887259	4.092962
1.945477	1.717927
0.282786	0.142801
1.240466	1.434683
0.539813	1.389922
0.961276	0.387969
1.263504	1.812635
2.262281	2.416589
2.077877	4.653694
2.828596	3.352260
1.603356	1.772945
0.361592	5.873810
0.690434	3.688666
0.739861	2.171979
2.234849	0.041194
2.151319	1.960143
0.881632	3.204888
1.483258	1.384918
2.257363	1.205712
0.664394	4.050550
2.027564	3.109731
1.871782	0.873803
1.174010	1.154686
2.723053	0.517415
2.108254	2.265206
1.428965	1.864942
1.873192	2.413662
2.005830	5.445506
1.937469	5.772630
1.239891	4.694221
0.519929	4.987789
0.939702	3.242638
1.965949	5.083633
1.932840	3.631632
2.650109	0.629200
2.226847	4.337400
1.539040	2.722892
1.484238	2.028302
1.344132	6.182097
0.274435	0.043733
1.280284	3.311368
2.236214	3.941873
2.287149	1.791894
0.540257	2.786973
1.777492	0.905596
2.224548	5.481734
0.923979	4.750723
0.865159	5.458790
1.428458	2.061958
2.552638	3.789678
2.468196	5.062623
1.060738	2.621666
1.245709	2.033205
1.557183	3.165518
2.276311	5.645469
2.053284	2.846541
1.661663	2.569219
0.408218	5.996427
2.280503	3.030063
1.539208	4.304248
1.376332	5.696096
1.062965	2.515868
1.884117	6.160315
0.387534	2.389591
2.499594	5.209166
2.483539	0.834083
0.941620	4.935399
1.812955	4.901598
2.375068	2.205726
2.508613	1.529054
2.431027	0.152947
1.130111	4.422456
1.410965	0.557990
1.394591	5.850116
0.136725	3.704783
2.627493	3.621816
1.821679	1.712342
2.121255	1.613222
0.262435	5.092110
2.391716	1.725710
1.283517	0.280622
1.254232	3.636616
1.873186	3.363223
0.709510	5.778073
2.287400	0.487182
1.603949	5.352865
2.511521	6.010310
2.424714	3.755299
2.432727	2.724613
2.391783	2.492088
1.728265	4.154301
2.076388	4.232373
1.430480	2.974508
2.247008	4.903769
2.334005	1.463653
1.368189	3.981279
2.507606	3.050969
1.889575	0.194901
0.584393	4.932080
0.530431	2.595940
2.104917	1.670796
0.927215	2.557759
1.396404	0.891835
0.897342	3.724528
1.537908	4.275462
1.247461	5.172739
1.806047	3.464173
2.228245	4.742272
1.451267	0.802850
1.155419	3.595885
2.062392	3.817410
2.441919	4.838694
2.685197	2.408316
2.703343	0.774247
0.942273	1.035468
2.026146	2.171759
2.157505	5.289589
1.554521	0.817037
1.983978	1.649507
2.464561	1.787759
2.355580	3.208750
0.870061	6.158624
1.186208	5.695382
2.150443	1.938461
2.310301	4.174019
1.161458	1.248523
2.559479	0.695753
2.412350	0.235569
2.131475	1.167225
0.773612	5.323098
1.836668	1.827109
2.211583	3.007642
1.181744	4.179823
1.015438	0.273565
2.911808	1.430702
2.127984	5.547171
2.254379	4.489924
0.717589	0.396228
2.671234	4.021824
0.507722	3.582514
0.690431	5.864059
1.934948	2.260002
2.276857	3.393439
2.311183	6.065290
0.238985	4.523495
1.278665	1.011486
0.501782	4.150756
0.981897	0.456379
1.685405	1.201697
2.399351	3.119396
1.894768	3.127698
1.841462	2.401705
1.103250	3.950297
0.992761	5.878223
0.749431	0.008174
1.730589	3.176328
1.255108	2.469478
1.320327	3.380148
1.624438	2.390155
1.000872	5.900653
2.062931	4.812954
2.539516	4.885788
1.438152	4.161085
1.976354	5.708696
2.369896	0.373896
1.115997	2.976060
1.042055	0.060096
2.627895	3.915656
1.178598	3.841122
0.125634	3.100653
1.406402	4.823540
2.825510	4.854361
1.638145	1.927335
1.743287	6.043328
2.181674	0.972445
0.836307	2.304681
2.251387	3.731397
0.882891	3.641537
1.636498	0.336633
1.783507	4.846649
1.926587	2.727681
0.606483	1.864696
1.549242	1.895575
2.344163	3.866715
0.485990	1.575727
1.564442	6.182430
1.590253	5.661662
2.035953	0.014683
0.631359	6.282396
2.703654	0.157032
0.635955	0.366703
1.500716	0.970323
1.968954	5.901227
1.841035	1.831594
0.400364	0.576451
1.246093	2.798088
1.402640	2.807406
1.536875	5.959251
1.829865	3.170328
1.493738	4.321079
2.717107	2.636732
2.496653	5.050283
1.409548	6.025071
1.283452	4.303921
0.886120	0.682943
1.299000	0.379688
2.297143	3.290629
1.061375	2.352498
1.223826	4.102804
1.070763	0.724037
0.529502	3.765695
2.641880	1.344736
1.848590	3.638750
2.276255	6.082492
2.060890	5.114272
1.442216	5.679634
1.609303	0.303366
1.160419	6.231477
0.893407	0.742009
3.051345	3.068504
2.603756	1.246045
3.136586	2.621387
0.333341	0.661692
1.377240	2.671705
1.950212	5.755057
0.918189	0.203297
2.146928	3.848052
2.056233	2.538120
2.208512	2.951193
1.274894	2.386108
1.396325	6.195920
1.712979	1.514225
2.180671	4.343388
0.434819	1.694613
1.867885	0.136211
2.393351	3.013225
2.163641	4.318717
2.383802	1.741038
1.197171	3.565596
1.115761	4.510312
2.072594	4.929591
0.106760	2.507364
2.222696	0.975430
2.329207	0.743632
2.641458	5.239807
1.330239	1.738975
1.871561	3.677626
1.857446	5.992464
2.356204	3.096223
1.529007	1.693704
0.758333	3.631086
0.434257	1.911442
0.766787	0.075464
0.618908	1.411597
0.449772	1.610123
0.637364	1.511037
1.838884	0.727262
2.882069	3.233749
1.923037	2.593098
1.403983	1.765131
0.535194	5.191532
0.730618	5.880503
0.586310	0.688588
0.782624	3.240791
2.385522	0.838207
2.363563	4.002791
1.312521	4.431022
0.747900	5.468152
1.347060	1.641026
1.515022	0.153099
1.839696	6.024618
1.470735	5.863560
1.990817	6.046274
1.414999	4.584653
2.246864	2.865203
0.997222	1.077330
1.473680	3.500124
2.818250	2.101008
1.015614	3.017573
1.600749	6.107655
0.965790	5.226245
2.797935	0.862841
0.772407	2.299456
1.092461	2.278472
1.912526	4.067537
2.118141	2.174361
0.896936	0.850423
2.492518	2.176178
2.227735	5.708656
2.136165	3.283924
2.204105	3.237931
2.621660	1.151087
0.275323	3.150742
1.515928	3.156928
1.844959	2.220390
2.033876	2.053623
1.667395	3.851126
1.578368	6.250467
0.524151	5.469672
1.679472	5.174902
2.048012	0.243847
2.345543	4.445050
0.748539	6.023683
0.509462	3.841961
0.578645	5.129844
2.765165	5.963931
2.285756	2.400884
2.016437	1.714551
1.483253	1.811847
3.052754	1.453502
2.783823	0.878917
1.339099	0.685110
2.343181	1.237103
1.347484	0.995025
1.808515	3.451462
1.665160	3.737852
1.092909	4.335357
2.368118	1.921980
2.474092	5.643201
0.357189	3.961977
2.398096	3.772499
2.409721	3.950821
0.667566	5.825556
1.355270	0.187522
2.744895	4.301826
2.134434	3.774780
2.298907	5.070122
2.612710	1.879335
1.601227	1.006567
1.195538	5.107325
2.370740	3.095847
0.618461	3.324552
2.139981	2.731383
2.097275	2.957565
2.167230	5.094067
1.259903	1.818990
2.151488	1.311152
2.527496	1.992991
2.963527	2.314839
0.761805	5.498432
1.178340	1.246277
2.076790	3.112340
0.463837	3.263630
2.023534	0.676387
2.216573	3.561677
0.637217	0.714377
1.347916	5.341698
0.855758	0.043301
2.860483	1.412013
0.675101	5.363485
1.282720	4.036250
0.749827	0.024250
2.517676	1.481201
0.763312	1.562612
1.533530	2.823083
1.599329	3.737864
2.993276	4.738089
2.301370	1.636747
1.463453	5.465418
0.314620	5.188558
1.180641	3.182410
1.181875	3.891216
2.046208	0.165340
1.729672	1.140752
2.131013	6.245136
1.728444	0.864857
2.490663	1.206430
1.709735	2.143029
1.648006	4.274320
1.302474	1.952445
1.028932	2.448208
1.726221	2.980061
1.438013	4.041829
1.705557	0.438306
1.363190	2.925173
1.620502	3.869827
2.137909	6.108682
1.541170	0.952745
0.292120	2.708485
1.720300	6.226141
1.224279	5.133489
2.221920	3.365035
0.970873	1.906518
2.227508	5.895951
2.358895	0.190340
1.090760	1.898648
1.595016	2.090713
1.012744	6.208697
2.804603	2.795235
1.251648	4.144296
2.466322	1.050914
0.980704	1.561086
1.683005	3.314658
2.334661	3.316419
1.381697	4.095299
0.836737	0.900900
1.364881	5.733856
2.215389	4.444695
1.595089	0.399447
1.158897	2.387250
1.753672	5.303490
0.641528	1.583562
2.278766	1.483101
0.559012	4.813948
1.452708	5.115129
1.598224	3.448510
1.505625	0.258898
1.382694	4.916258
2.323289	5.752382
1.118446	0.234668
1.757933	3.208847
2.931335	0.367866
2.652277	0.430315
0.303717	0.691227
2.115790	2.410630
1.851258	0.120139
0.874407	2.630666
1.950659	5.909081
1.909679	3.417424
1.275200	5.633308
1.834603	3.332949
2.337258	1.419165
2.706422	5.739630
1.353377	1.392419
1.434877	1.421937
1.738092	1.151219
1.301068	1.153543
1.167427	4.902464
2.104346	0.243090
0.846225	3.388824
1.274772	2.907993
1.093900	6.061764
1.907324	5.708335
0.375992	3.584394
1.385754	6.055357
2.812673	4.025926
1.462984	3.121796
2.003801	4.706419
1.575801	2.433157
1.977536	2.778514
2.970066	5.830085
1.039522	1.999594
1.714012	6.178664
2.991190	0.591048
1.665425	5.454539
1.692853	2.975207
1.217503	2.167794
1.466626	0.125070
1.756998	1.966567
1.579479	4.916595
1.993317	3.389371
0.756762	3.489400
1.909268	2.350102
0.748648	0.956241
2.464986	6.207705
2.900235	1.721926
0.736570	3.644174
2.520420	3.894358
0.610713	5.051707
1.028969	6.150375
0.797193	1.306899
0.134889	1.081900
1.882817	4.175209
2.138698	4.853691
1.471889	3.491526
2.534514	1.973177
2.217425	3.491768
0.536546	2.506591
1.581316	0.836472
1.849010	0.625201
1.034631	3.614597
1.201336	2.344624
1.684874	0.690654
1.464997	5.811223
1.113126	5.806052
1.160172	4.187677
0.965049	0.157307
0.771081	1.625791
0.951835	0.831348
1.647954	0.755335
1.561335	4.714723
1.547339	0.046548
2.880282	3.822178
1.703309	1.762458
0.507968	1.173470
0.978998	5.829252
1.582152	2.716154
2.566751	0.456492
0.473341	3.933182
1.142137	0.241393
1.552600	2.705319
2.571663	2.525713
1.839657	1.685796
1.829350	1.553457
2.281005	5.467893
2.511626	3.030408
0.427347	0.466165
1.794506	1.636456
1.346942	1.221574
2.221131	6.207364
1.662712	3.612241
1.839935	1.067833
1.018500	0.008510
2.506315	2.164962
1.176605	2.920347
2.164162	6.050358
2.273431	4.062992
0.898990	5.681596
2.103314	5.330346
1.434724	0.064513
2.060673	2.878317
1.678053	3.220451
2.677363	5.651031
0.596128	2.333870
1.306341	3.313607
0.312475	0.211960
1.868251	0.407247
0.801297	3.402662
0.396988	2.823622
0.771954	2.866202
0.744291	0.116590
2.978802	5.322406
1.868317	0.657722
1.314270	0.051077
1.060831	4.130870
2.078276	4.018535
1.600248	3.761416
2.366271	0.263613
1.587290	4.734906
1.992102	5.673926
0.359729	5.483892
1.426831	0.697431
1.117660	0.867958
0.988083	2.829908
1.089233	5.482308
1.750095	4.437670
0.893658	5.163076
1.522000	5.295683
1.395697	2.521417
1.078592	2.775312
2.045568	4.646597
1.067086	6.028122
1.720349	4.314308
0.810602	2.598151
2.454485	0.228461
1.192733	5.593322
2.009383	2.588971
2.096326	5.442500
1.241699	4.411221
2.864909	2.647937
1.606405	3.852633
2.418743	2.041604
1.762372	3.238754
1.606350	2.672784
1.910441	4.968125
2.690115	5.372143
1.771577	0.012486
1.350378	3.499399
1.714461	5.164802
1.717656	2.269013
2.500319	5.011403
1.618774	3.042886
1.432375	2.980863
2.562888	0.083024
1.812233	2.055157
1.295116	1.516545
2.230004	5.927354
2.648116	2.724590
1.385848	3.839589
0.689788	5.447224
0.888577	5.018026
0.938629	0.328532
2.366160	0.540630
2.175916	2.554550
1.959229	0.486860
1.351548	4.866169
0.345096	1.454612
0.688897	3.483801
1.022229	3.535718
2.162644	3.991231
1.738053	1.409544
2.485690	3.138077
1.691824	4.676193
0.972576	5.818785
0.988945	0.747228
2.704243	5.201670
0.886563	6.019926
1.447365	1.112019
2.583849	0.764537
2.053991	3.389361
1.412165	0.918375
1.286680	6.146967
0.588751	0.499049
1.018846	0.907602
1.551290	5.462037
0.421895	2.600810
0.977367	0.854523
0.432233	5.019199
1.461965	0.946778
0.606803	1.651231
1.748007	4.833571
1.661128	0.586356
1.085074	2.674747
0.948098	4.072194
1.325861	4.177181
1.470493	1.857084
1.193139	6.189601
1.048741	1.488175
1.374759	0.056300
0.863461	2.324864
2.191836	1.164973
0.640657	4.177285
1.969673	3.861539
1.924750	4.522128
1.640272	4.855274
2.372333	0.815778
0.875971	1.309505
2.033054	5.370359
0.734075	4.951503
0.955246	4.295751
2.131203	4.681724
1.431923	4.891575
0.572296	4.849088
0.294621	6.174010
0.890010	5.731692
0.754672	4.378773
0.606956	2.631822
1.308010	0.202858
0.848320	3.114797
1.438801	1.682131
0.976189	3.164499
1.518915	0.009917
1.308341	1.812253
2.632955	5.085784
1.748073	5.077690
1.230475	3.409324
1.858258	3.151631
1.551777	5.960744
1.314852	2.031697
0.452164	5.809876
1.707351	3.002869
2.698888	3.325726
1.129429	0.801412
2.391068	1.711878
0.956543	4.773523
1.666595	5.320329
2.186042	4.298526
1.658244	2.138179
0.918292	3.589194
2.309274	5.774815
0.169136	3.599358
1.794573	0.548947
1.893004	4.085111
2.193337	2.753432
0.893536	2.566363
1.699605	4.023088
2.018292	0.314134
1.847064	1.423730
1.545008	1.907913
1.898050	1.177359
0.830326	1.554005
1.500416	5.004463
1.802961	2.866399
2.555136	6.192367
2.463485	1.045306
2.053488	1.144060
1.454961	5.580190
0.643901	4.715993
0.640348	1.782820
2.118892	1.026663
0.897322	4.688295
0.846280	5.093922
1.707903	0.742987
1.069791	5.838583
2.168087	4.808825
1.393504	2.118415
0.744055	3.649780
1.197827	1.223843
1.676007	3.679157
2.265847	6.243246
1.431439	4.356232
1.693101	5.035082
1.640593	1.714618
1.719822	2.787159
1.906367	4.986818
0.589924	0.979063
2.390716	4.174756
2.357373	4.890295
0.437770	2.054998
1.805511	3.410340
0.562466	0.846726
1.092795	2.384644
1.463554	0.995377
0.749001	6.194529
2.232907	6.067918
0.750848	1.071010
2.152700	2.427073
0.580571	5.079749
1.476797	0.534052
2.024416	1.637164
0.936534	5.674861
1.999393	1.720161
2.165492	0.290932
0.527009	2.424721
2.765215	4.852122
1.502935	1.434262
1.371808	2.130382
1.644884	4.290022
1.454067	2.986467
0.992248	1.322198
1.676615	3.824581
1.436189	5.724497
1.995378	1.652496
2.650840	4.812130
1.500689	4.985397
0.826451	1.056794
1.466449	4.976431
2.052550	4.998756
0.696956	5.508534
0.854145	1.891582
1.367047	2.841432
0.699073	5.583676
1.557301	5.455307
2.031062	5.707192
0.998892	4.893894
2.274982	4.797594
1.869904	6.054520
1.162799	1.630964
0.138238	4.833041
1.364658	5.233280
2.391811	3.400900
1.799243	3.158371
2.173132	2.507072
0.205031	2.127163
2.374691	6.194258
0.878491	2.782446
0.764603	3.556691
0.615615	5.933976
1.927768	1.712323
2.991010	6.261125
2.277176	0.603074
2.750706	5.796077
1.224508	5.423218
1.163155	4.548435
0.188943	0.174955
1.975054	2.799076
0.761306	0.599966
2.551123	0.570890
1.637509	5.581651
0.297403	1.877805
1.575458	0.578895
1.217414	2.067230
1.768588	4.580475
0.477866	1.115901
2.591442	3.928744
2.335671	6.093699
0.979605	3.310671
1.500835	1.233134
2.122790	5.883631
2.620083	5.189714
1.568884	0.583382
2.716612	3.591527
1.674517	3.261200
2.271066	2.788188
1.343205	0.526600
1.524742	3.738252
1.227966	2.374527
1.495332	2.343823
1.146439	0.399154
0.697586	3.259494
0.626609	5.647611
1.888782	3.185645
0.588556	0.691952
1.477033	0.352365
0.149546	1.812389
1.023713	1.302379
1.983287	6.201420
0.790004	3.787348
2.184233	1.505919
0.497806	4.827039
0.452045	0.549530
2.332226	5.754624
1.264145	2.811917
1.669565	1.566945
1.103973	5.291272
2.053441	3.187486
1.624946	1.504895
0.844231	4.234457
0.453540	6.282787
1.397143	2.636560
1.393493	2.987600
2.474862	4.212877
1.192106	3.966731
1.049195	1.905010
0.767972	4.407931
1.075140	1.988373
2.035600	1.782213
1.874718	4.128480
2.839268	3.975829
1.596247	0.787122
1.926333	4.074263
1.836338	1.861876
1.421581	0.941551
0.891092	4.926808
1.752282	3.975600
2.079520	4.670891
1.245583	2.911362
2.607380	3.189655
1.618198	5.400715
0.797963	1.947666
1.857355	3.390143
1.754793	1.436084
1.378124	6.237420
0.728833	3.921940
2.637397	0.689390
2.365141	4.429720
0.930682	2.547665
2.270250	5.034985
1.356951	2.068326
2.507699	5.546746
2.663688	3.582933
0.674510	3.277441
1.139115	4.662462
2.549001	3.230410
1.033788	5.222496
0.460795	2.872217
1.815557	3.192014
1.736436	0.796068
1.714991	5.675471
2.705845	5.999824
1.668933	1.683958
2.462288	0.803804
1.000390	3.120382
0.964100	1.097149
1.528332	5.076610
1.283688	1.535613
1.422235	1.276889
3.016418	2.160440
1.343337	4.712147
0.613046	3.240811
0.766889	4.496532
1.621913	3.967400
1.095224	0.807026
2.900434	0.104681
2.495157	1.136521
2.141413	3.307475
2.546638	2.128321
2.683213	5.897767
2.252014	3.064834
1.859668	3.039478
1.892871	3.686220
2.292391	3.119036
0.281159	1.840048
1.631957	0.206911
2.154877	5.393891
1.937583	3.361717
1.019896	5.356708
1.011728	2.198483
1.488588	4.323323
1.789490	3.533711
0.198231	2.007533
2.098003	2.696623
1.433972	3.269096
2.085004	4.492567
1.301881	1.740850
1.615264	1.203953
2.282352	5.922486
0.872550	5.703657
1.148124	5.690155
1.409353	3.808930
2.366984	1.891699
1.773681	3.536704
0.429752	1.462831
1.980036	5.407378
1.876947	4.070534
0.133871	4.800143
1.361319	5.098697
0.967083	6.278613
1.213210	1.210382
1.046753	5.301001
2.101965	3.027847
0.416203	4.893963
2.370990	3.754185
1.540563	0.392728
0.461443	3.336156
1.346949	0.546787
2.716987	5.855520
0.895888	1.374925
1.128360	1.384608
1.600255	2.495210
1.834075	6.149856
2.053553	3.188234
0.775681	2.550304
2.286299	0.808313
1.091273	5.217627
0.200951	3.200467
1.139401	5.643052
0.183321	2.074826
2.046381	1.184062
2.065212	5.595781
0.659809	5.630037
2.485800	1.142503
1.839639	1.147088
0.829646	2.506557
1.090861	0.079154
0.387514	3.624768
1.135198	5.610528
1.355569	2.408898
0.498635	1.455722
2.039983	4.764358
2.487323	4.827474
1.423677	2.433559
1.985437	2.283919
2.415064	0.362675
1.747369	0.063334
2.335080	2.322371
1.702755	0.692146
2.010195	5.050353
2.295473	4.314586
1.520713	5.492698
2.496385	1.238953
2.228086	1.968356
2.704378	1.168651
1.151837	3.010447
2.282374	0.824763
0.991850	4.817631
1.054060	2.569329
1.826055	1.295132
1.858376	4.091472
2.489299	0.001534
2.464368	1.837106
1.811604	3.311270
2.186530	2.363141
2.005107	6.247773
2.116386	2.691012
1.544553	4.630612
2.605106	0.072178
1.475698	3.824245
0.516135	2.880810
0.626015	1.900583
0.775672	2.744328
1.983390	1.159025
0.867365	5.074106
1.355424	1.289985
1.829202	2.640966
2.161913	0.453554
1.050343	2.043706
0.847222	2.107664
1.122238	1.158808
2.971899	5.147448
2.546220	4.416988
0.641656	5.710789
1.361387	3.732301
2.865269	2.759343
1.648844	4.942004
1.574588	1.827157
0.513411	4.020284
0.950025	3.600404
2.607029	3.168720
1.997903	2.297001
0.663343	2.777988
1.213441	5.900243
1.883914	0.151162
1.471217	0.000579
2.303785	5.836873
0.992146	4.846043
1.872343	2.057390
2.316880	4.281684
1.308052	2.984624
2.028291	0.975461
0.181170	4.135449
0.399177	2.921569
1.537947	2.045488
0.888500	3.130866
0.784053	3.465470
1.870971	4.151659
2.646727	4.361649
1.673679	0.927672
1.494791	2.832436
1.410656	3.745002
1.960487	3.115350
1.781418	6.203699
1.974151	3.749385
1.738021	0.474563
1.140395	4.804896
0.810673	4.663634
1.323966	3.797356
1.423810	4.669888
1.777338	1.626366
0.435227	0.908047
1.735911	3.633911
0.943380	1.616420
2.200829	5.145652
2.063565	2.532511
1.594773	0.520946
0.187434	0.199255
1.490671	5.135684
1.054345	0.698992
1.545700	0.805076
2.107477	2.330255
0.899060	5.689447
1.809790	2.401710
2.212874	1.129081
0.529853	6.110439
0.288071	4.545176
1.605191	4.540504
1.465999	3.278062
1.257544	3.488574
2.343192	0.456145
0.706626	0.578664
0.183669	5.271931
1.519859	4.113591
0.970619	2.282230
2.506451	4.418487
2.192248	4.938919
2.102771	5.321748
2.317442	5.910892
0.462388	0.043720
0.497285	3.435969
1.154091	1.106464
2.776088	5.148579
1.099754	0.664217
1.700327	0.880937
2.540817	0.204525
0.432383	2.976521
0.924244	3.916679
0.268017	0.549169
1.813571	6.147243
0.616332	2.017970
0.134552	4.979214
1.459975	0.283581
2.161364	5.540063
1.750886	0.989716
0.126872	1.771267
2.676760	2.872256
2.151775	4.014785
0.723449	1.896085
0.922578	0.959207
2.348970	1.598609
1.598928	2.575586
0.463808	0.771592
1.769531	1.350471
1.823272	2.542273
1.783592	1.803192
1.594681	4.635462
1.373436	5.039254
2.267237	1.704044
0.915207	4.565298
0.994874	3.106924
1.787202	0.751571
1.838806	0.612492
2.369952	0.920081
0.486024	0.886734
1.317252	5.344694
0.548612	2.568648
2.542699	4.898872
1.013854	3.441885
1.330468	3.339024
2.419047	4.504855
1.441362	5.207471
1.909970	1.048007
2.164653	3.710848
2.126802	1.399383
0.928330	0.969300
1.229068	4.025791
1.027915	4.079659
2.193291	4.968078
2.665848	4.540718
2.120998	1.218818
1.580844	4.112832
0.971577	0.426847
1.705877	0.341480
0.621110	5.000116
0.617876	3.179127
0.091164	1.766408
1.636575	0.653278
0.928837	0.778640
2.765096	1.434075
1.997243	3.734054
1.051330	3.071026
1.055914	0.885539
1.152043	4.133845
1.589274	3.422717
1.546638	1.469395
1.700024	3.131472
1.954822	3.498166
2.539996	0.504347
1.343259	2.366282
0.863325	0.956599
2.199220	0.324573
1.216632	2.065361
1.843299	5.596567
2.464974	4.768783
2.571437	2.116355
1.152512	1.823869
1.844116	5.942745
2.555255	0.935387
0.537211	3.866258
2.538952	1.747749
1.985902	2.169149
2.599210	3.017688
0.296247	0.387667
1.178923	5.859874
1.173926	6.088667
2.141531	4.633123
1.720425	3.163993
1.412664	4.922982
1.343979	5.217209
1.884101	1.625225
1.785603	3.195757
2.189985	1.399373
1.112281	2.003321
2.490108	0.219484
1.080516	1.039185
1.667264	3.041756
0.731622	0.560717
2.817858	2.980660
0.583229	3.310349
1.790115	5.057869
1.491726	1.232388
1.427853	1.713536
1.500715	3.998825
1.107749	5.937272
1.456415	0.943788
1.655812	3.833558
2.054767	5.837285
1.129458	2.331552
2.096340	0.348515
1.130140	3.783558
0.905280	5.498412
1.187165	2.338271
2.512252	5.324682
0.248239	6.133263
1.262634	2.543872
2.668119	2.192984
0.418595	2.957456
2.372773	2.835278
1.701167	4.018601
1.647845	0.194945
1.906220	4.167354
1.812306	2.031979
0.783042	4.049040
1.425804	4.138283
1.801568	4.260833
1.483891	2.369247
2.670611	5.605797
1.833173	5.935644
0.717088	5.230392
1.938861	2.555711
2.682319	5.212513
2.678561	5.124286
1.785117	5.445919
0.957559	1.357345
1.676350	5.448930
1.772723	0.782977
1.958772	0.730606
2.013783	2.033439
0.815102	2.653105
2.790483	3.585540
2.551371	4.301470
1.985908	4.551651
0.209372	2.707741
2.476929	3.024430
1.387352	5.659457
0.904711	2.807490
0.765403	0.830253
1.482539	1.821941
1.222339	1.312814
0.601937	5.413962
0.865236	0.025729
2.543489	5.276453
1.607992	5.080707
2.265080	6.277266
0.736766	4.052784
2.552716	3.208726
0.802309	2.765634
1.075146	2.117723
0.775193	1.465037
2.659369	0.017218
1.079409	1.785002
0.902430	4.319685
1.457002	1.172580
2.394448	4.448034
1.401553	2.660112
2.098940	6.010367
1.032229	4.518924
2.421777	4.476443
0.312652	4.265166
1.037299	3.822079
0.962603	0.522179
2.599145	0.857249
1.203944	2.159571
2.138470	4.141893
1.671712	1.073845
1.018745	5.629987
2.178315	3.713089
1.139836	3.228774
1.876962	0.029290
2.776445	4.032283
0.971176	0.216000
1.078882	5.270714
2.208179	3.713085
1.529540	3.960314
1.450346	0.609200
2.453378	1.602334
0.729555	4.989262
1.965058	0.407604
2.198968	3.113816
1.255418	0.273524
2.029662	0.387406
0.877467	2.028405
1.001606	1.184996
1.784130	3.563619
1.271369	2.004415
2.467039	1.909631
1.611746	3.061580
0.870392	2.999650
0.363467	4.911164
1.636405	6.265410
2.656405	3.493211
3.062588	5.451754
1.431833	1.334085
1.162240	3.295314
2.454214	0.503235
1.704381	2.098917
1.860308	1.633080
0.516996	2.701739
2.865867	4.574724
0.828681	2.631794
2.925764	6.245052
2.316246	6.074636
2.360395	2.420314
1.198001	2.635848
1.107136	1.426482
1.952092	4.743812
0.304404	2.249031
2.626600	4.120148
1.227760	6.062489
1.422958	0.015542
2.202638	2.111168
0.366287	0.784310
0.766425	3.398555
1.631003	2.132576
0.691579	5.398251
1.720044	1.320573
2.714217	5.952720
1.541252	5.264650
0.960481	4.662491
2.108629	4.807713
2.318762	3.692881
0.254609	5.458102
2.156014	0.538791
1.905841	3.556120
1.529588	2.099323
1.540822	4.399577
1.017678	2.226894
2.279163	1.410575
1.330810	1.458593
0.878397	5.798612
0.704590	1.085222
1.127333	5.877080
1.098087	1.207411
1.520132	3.850780
0.399674	0.487477
2.574084	4.413994
1.586237	1.953888
0.710528	4.706639
1.141077	3.149145
1.545732	3.306459
1.850440	0.649127
0.498657	0.165590
0.866013	4.201556
0.788390	5.437492
1.399140	5.443000
1.176921	5.892773
1.438282	3.206663
1.177119	5.207518
1.618444	6.102418
2.891951	1.518930
2.261238	3.135863
2.320894	3.107443
1.749063	4.694875
2.083275	2.258855
1.581489	5.863539
0.475599	4.070382
1.416076	2.302715
0.884286	3.200402
1.486272	6.234409
2.477362	5.980033
2.081188	4.132557
2.659022	1.434457
0.890202	4.022482
0.437952	2.790347
1.589145	5.635494
1.074389	1.990242
1.448352	5.207469
1.368441	5.626936
2.203509	2.567257
1.781683	1.406171
0.733917	2.621339
0.985705	3.592548
1.285639	3.442212
1.520848	2.986081
1.078451	0.411503
1.801976	4.924031
1.473262	0.273111
0.751461	5.200106
1.408622	5.472532
2.301857	2.301814
1.328760	5.151415
1.102248	4.107311
2.213153	2.828945
1.126064	0.610379
0.985711	5.155212
2.063219	3.169540
1.960631	4.044724
1.353779	5.473663
2.565937	5.788616
1.209846	2.167047
1.155866	1.939012
0.712456	1.056435
0.293642	5.790447
0.522057	1.863209
2.547796	3.857344
2.710391	3.081979
1.681533	1.392732
0.422353	5.184065
2.019784	3.513109
2.194109	5.826422
2.166320	0.893193
0.676598	3.892039
1.332965	4.843368
1.761106	2.059279
2.585075	5.440192
1.076376	0.571508
1.419636	0.908654
2.726960	5.927671
1.886536	0.477526
1.483685	0.282081
0.521941	3.842334
0.556542	0.627654
0.552111	5.045358
1.125373	2.533802
2.643897	0.380221
2.747400	2.949636
1.838462	3.071258
0.319273	5.876803
1.321505	2.008518
1.293932	4.975341
0.322916	3.283454
2.148321	4.130677
2.235973	3.742240
2.170656	5.514640
2.373643	3.162391
0.989146	3.493853
2.139394	2.619231
2.112025	3.959462
1.310228	0.656703
2.129786	3.109340
1.731125	5.464621
1.529425	5.906915
1.226176	0.421197
0.933129	3.359652
0.755744	1.841874
1.390638	1.539706
1.791343	1.791228
1.951085	0.791917
1.587529	1.359103
2.322618	5.607705
0.404468	0.972351
1.591836	5.887837
2.418304	4.433078
1.130666	6.024373
1.979014	5.487381
2.576837	3.302558
1.487668	5.666915
0.594414	1.659457
2.017106	3.798352
1.299711	1.365138
1.268216	4.792910
1.717565	3.822705
2.161517	3.455514
0.678834	0.570069
0.994528	6.203093
1.806491	3.476510
2.183116	0.807207
1.180575	2.805950
1.127508	0.848143
1.096536	5.409781
1.283494	1.349813
1.306718	4.798511
1.904101	6.143862
1.677006	0.904120
1.798527	4.069800
1.757535	1.680203
0.749406	2.159267
0.168755	4.064419
0.717829	3.927923
2.812485	1.974649
1.000410	0.038794
1.931604	0.202370
0.560760	5.111527
1.650409	0.073819
0.443539	1.127119
1.913511	5.444026
1.955311	3.431622
0.837055	1.698681
1.700523	5.829123
1.775714	2.495925
1.635703	3.124381
1.574407	2.776345
0.712319	1.017181
2.132023	4.232738
1.820431	5.941254
2.245779	2.603513
2.142184	1.821823
1.173913	5.586222
0.947755	5.282324
1.521764	0.031599
2.031045	2.366157
0.250205	5.738859
2.314447	2.072272
1.096481	3.160741
1.306084	3.940915
0.867779	0.749863
1.084082	3.450098
2.248091	0.118204
2.152707	0.841605
1.581498	4.768179
1.491323	3.579375
0.425169	4.067396
1.551904	5.205581
2.575443	1.581759
2.219963	1.113005
0.697375	2.447133
0.782507	0.247056
1.028162	5.188477
2.544825	0.109942
2.601830	3.089092
1.954974	4.519505
2.338744	5.636115
2.173305	5.775208
0.867168	0.874353
2.971083	2.954484
1.930820	5.426827
0.814906	6.148912
2.160587	4.839481
1.009218	3.638901
0.850723	3.500976
1.326721	0.630905
2.002749	1.755302
2.508819	2.605348
0.976282	6.272630
1.372939	2.245151
1.634506	2.321740
0.974006	2.990662
1.315922	1.190176
1.334428	1.389058
2.732170	2.372423
1.364302	3.413786
1.009683	2.943553
2.093335	1.568739
2.457110	2.942935
1.999694	5.773367
2.727720	4.701466
1.749300	3.181558
1.596728	2.474649
0.809804	3.843422
1.383321	5.617213
2.043185	4.616690
2.168657	4.917613
0.376188	2.371647
2.718109	2.245318
0.890317	2.138687
1.377504	4.343531
0.789960	4.600457
1.586957	3.152428
0.567278	4.406085
1.854145	4.604759
1.405370	0.695940
0.329087	2.067716
2.609676	0.310689
1.975770	0.344423
2.166361	3.538880
2.138130	2.100711
0.606612	3.645310
2.318071	4.290283
1.789446	0.782600
1.059973	4.281903
2.036015	5.849251
1.267098	3.379036
1.719146	3.616343
2.452863	2.608346
3.008857	3.431881
2.296477	5.785658
0.244908	3.530194
1.038144	1.481448
2.495766	6.053678
2.616457	2.795250
2.875707	2.020628
0.505664	1.870313
1.144020	2.065747
2.448108	0.214255
1.737447	0.079784
0.691334	3.298000
0.473257	3.283069
1.738800	2.255925
2.799027	1.971659
2.265250	1.742924
1.735461	3.424932
0.511414	6.176985
2.483178	5.025611
1.748473	4.018967
2.257887	1.489085
1.022375	1.490797
0.507673	3.665507
2.177349	0.853564
1.274508	1.137472
2.653947	0.558917
0.765695	3.311449
0.994099	3.708438
1.246918	3.633253
1.161121	5.496128
0.458192	4.481237
1.203432	1.309826
2.584993	4.253240
1.147461	2.841845
0.164705	4.314894
2.294170	1.721610
0.795810	0.495660
1.813547	3.020046
0.743924	3.260610
2.552367	5.899649
1.257841	0.460071
2.395051	4.393079
2.498354	6.143026
1.270915	2.383865
1.180384	5.978008
1.048434	3.860957
1.755995	1.550106
0.625875	0.415678
0.658514	0.785405
1.336339	5.338709
1.696351	4.776008
0.521796	1.053839
1.648032	4.450774
2.377872	0.592967
0.586938	5.811359
2.579478	3.714907
1.219124	0.300447
0.598743	1.516275
0.881397	1.050057
1.171055	4.699467
2.375014	6.106405
1.179367	3.491952
2.653782	3.279747
0.619377	1.091213
0.869828	6.086846
1.106326	2.549133
1.493404	5.290828
2.569674	1.383249
1.734551	1.888811
1.516851	3.309456
2.420445	3.851378
2.736471	0.391429
0.722033	1.415697
2.599570	0.141713
0.838426	3.127883
1.972951	2.299248
0.848015	2.225051
2.420612	1.181764
2.161296	0.861791
1.022921	3.967133
1.887738	4.228293
1.381945	2.813765
2.414468	0.605673
1.244587	2.139751
1.722620	2.742297
1.729141	3.419326
0.992637	2.544665
2.659631	5.502243
1.440260	1.669794
2.534704	2.170192
1.644290	4.051136
0.338156	2.831477
2.555774	0.579488
0.745523	1.258306
1.830258	5.229082
1.258378	3.131180
1.942145	2.548233
1.551401	0.612545
1.229295	3.003705
1.778633	5.350590
0.890491	3.094977
0.604246	3.490166
1.908708	6.274333
1.365179	3.712486
1.934955	1.616244
2.254142	3.037170
2.111787	3.799831
1.315049	5.160390
2.050767	2.027825
2.538060	0.993708
1.356955	3.770434
0.360386	5.323887
1.663686	1.048799
1.435435	0.128814
2.517331	3.366866
2.659237	5.923938
1.022105	5.025109
2.055460	3.280946
0.982285	1.381641
1.512006	3.001410
1.572533	1.655937
1.384134	5.708057
1.131136	0.162514
2.606948	1.882326
2.191367	4.471989
0.207213	5.438291
2.118326	1.470040
1.505923	5.073249
2.884018	1.760059
0.443677	1.419090
0.650483	2.315546
0.189466	5.878305
1.263183	3.887463
2.638172	5.964315
2.126530	3.517951
2.219361	0.597475
2.854085	2.680088
1.871039	5.860121
1.620255	0.941514
0.727788	0.263138
1.142639	6.010913
0.767554	3.744359
1.601915	4.721819
1.636098	0.215882
0.979093	0.791343
2.120858	4.808832
1.999687	4.108644
0.643355	5.028525
0.665680	0.234734
0.965302	5.207179
0.323577	3.175787
2.127887	5.619697
0.606643	2.557801
2.324935	3.350066
3.077653	5.974012
2.106435	1.080124
1.808417	2.751254
1.936161	2.453652
2.252187	0.099511
2.514199	2.247580
2.384152	2.260306
0.291845	3.421777
0.394999	4.113007
1.245807	5.679670
2.332508	4.587112
2.241721	4.611425
2.542732	5.987129
2.282967	2.450232
1.609905	6.248592
1.381699	5.861333
1.412828	0.798371
1.946134	2.987498
1.224602	5.577615
2.668491	6.129551
0.751048	0.294912
1.719474	1.522074
0.882164	4.330904
1.047312	4.828837
0.728246	2.637041
2.232316	2.465941
1.440059	0.569200
1.425341	0.156480
0.464618	3.295407
1.076439	1.060121
1.078895	4.264329
2.155404	3.089897
2.702175	5.303355
1.180327	2.122191
0.763378	0.368184
1.551465	0.444316
1.060418	5.925317
2.591316	4.220716
1.013286	3.293843
1.116488	3.678884
1.097583	1.861637
1.984734	2.443176
0.333551	2.929050
0.710285	5.315629
0.148488	5.233053
2.001758	3.313854
1.597787	6.167097
1.671863	4.491518
1.035910	3.967505
2.615478	0.800423
2.627683	2.833007
1.138494	3.069517
1.731192	1.565812
0.374478	2.420247
1.490779	3.941255
1.125165	1.297503
1.287011	4.031763
2.420375	2.593022
1.176296	2.851186
2.908854	2.256522
1.309584	3.597353
1.925552	4.502314
1.414871	2.836563
1.456379	3.214137
1.658988	5.690435
1.865059	2.146366
0.846218	1.223525
0.767766	3.186959
1.262516	3.228004
1.590081	1.866408
2.306054	2.856222
2.482282	3.846884
1.211340	1.558430
1.199558	3.539053
2.027739	0.231887
2.293459	5.137788
1.574387	3.513563
2.610257	2.047190
2.435493	3.661463
1.168879	1.810408
1.185498	5.094990
1.967091	5.230553
1.795477	4.546451
0.498372	1.513294
1.318620	5.104686
1.522531	1.706416
2.638559	5.891042
1.976334	6.226843
1.263622	1.305703
1.200403	2.757721
0.902448	2.613466
0.731600	0.450059
2.247734	3.763174
1.737784	2.980433
1.183702	4.586938
1.952534	5.134104
1.898043	5.758057
2.965403	1.916322
0.739706	0.606325
1.210571	5.561916
0.408895	3.834493
0.543791	1.396651
1.922509	5.186073
2.015070	2.769536
1.090763	4.121145
1.325999	1.962908
1.085863	1.067596
0.436126	4.918635
2.009802	2.454387
0.815109	4.246798
0.889068	3.308442
1.387577	5.331970
1.644185	3.650751
1.397122	2.101965
2.459193	4.059603
1.202631	5.444530
0.139918	6.013637
0.012311	5.502970
2.305565	2.282000
2.898376	4.157888
0.460631	2.062099
0.890318	0.758458
0.814445	4.331287
1.270181	3.684839
0.341763	5.294728
0.693931	6.202387
1.324963	3.694923
2.099808	3.887686
1.844785	2.630870
2.281719	4.633849
1.800503	5.897518
1.418620	0.582663
2.153396	2.389689
2.136240	5.811851
0.427931	6.203161
1.438970	1.415581
2.351840	0.613532
1.594040	1.640232
0.847681	1.174925
1.168481	1.829474
1.005668	5.580268
2.764833	4.887637
1.544481	2.564381
1.773222	3.891855
1.255340	0.048097
0.905557	4.312956
1.770252	3.393523
2.636809	2.917868
1.599554	0.577021
2.102088	5.477640
1.371330	5.600019
1.903834	3.894823
2.073739	1.673044
1.559112	6.068409
1.739195	4.304958
1.698017	0.275312
0.885381	1.785032
1.008313	5.460264
1.781382	6.218653
1.655883	5.609312
0.491909	2.108826
1.768232	3.895221
1.481294	0.695926
1.547656	3.973021
1.653551	5.920724
2.869472	5.410637
0.917762	1.407072
1.397298	2.899746
0.362665	1.177593
2.944151	2.456526
2.310388	1.675252
1.540457	4.104242
2.296541	2.637526
1.219892	1.011870
1.847610	1.105964
1.017262	5.577650
2.702215	1.231457
1.520810	1.219298
1.397571	2.445900
2.214185	5.852588
2.468064	0.985491
2.271695	0.693919
1.022704	0.267582
0.491136	1.450115
0.634700	4.317851
0.439443	2.607537
1.197980	3.590270
2.712557	2.425511
2.094353	3.975540
1.871629	0.359021
0.706129	2.602277
0.679167	3.459876
2.756251	1.449403
1.426938	1.432406
1.863019	1.579620
2.079337	3.843950
1.697511	5.100504
1.855540	3.168080
2.282389	5.401349
2.403816	4.234569
1.505934	1.235376
2.279224	1.162343
2.649884	5.297752
1.673002	3.661587
1.791752	0.680166
1.652403	4.843682
1.458503	3.025346
2.920113	1.106580
1.176393	1.689655
1.672834	3.806264
0.692810	3.238559
1.040344	3.819088
1.736087	0.193433
0.681526	5.014689
1.621180	4.792098
1.545258	1.755011
0.450109	0.531960
0.801754	0.061627
1.467389	4.335664
2.426109	5.856671
2.193210	4.655172
0.148194	1.757434
1.060060	5.601942
1.616522	1.867151
1.327416	2.352452
1.917400	3.879493
1.921830	4.958403
1.554040	5.042585
1.875942	1.923179
1.833526	5.146462
2.313243	6.069776
1.138942	6.016147
2.094811	5.208101
0.795131	4.554474
2.432511	3.506693
1.487722	3.645172
1.748042	5.084419
1.150726	5.031443
0.795000	4.111470
1.947248	2.145977
1.902876	1.156796
1.235954	5.499106
1.731892	0.382972
1.613986	3.664215
0.520178	4.187765
2.589052	2.998249
1.130589	3.090079
2.832886	2.868880
1.530642	1.612579
2.080781	5.325116
1.311090	1.364014
1.901687	3.077976
1.329254	2.048892
2.494908	3.922399
0.917039	4.921570
0.569262	1.801146
2.117504	4.766962
0.870911	4.473713
2.135129	2.818863
2.677717	5.465231
1.881905	0.239389
2.112233	0.446459
0.988313	3.836293
0.685339	1.644493
0.412913	3.330552
2.600328	4.614745
0.468637	1.344693
0.378303	6.117554
1.575959	5.096414
1.140021	0.715801
0.619972	3.723442
3.112438	0.394031
1.553016	3.588336
0.545841	5.705565
2.478062	5.626751
0.765481	0.219768
0.421776	5.254721
2.889311	3.433380
0.482647	0.054934
1.709406	0.395313
1.342653	2.661618
1.547995	0.695539
2.195194	0.582899
0.930751	4.658009
0.770292	2.115151
1.902387	4.724754
0.415141	4.791157
2.479240	1.269610
1.306895	5.899479
1.932053	3.387886
1.988770	1.789324
1.053182	2.762606
0.787959	3.896511
1.596198	2.745312
0.594492	0.389512
0.642151	1.490101
1.376178	0.649962
1.148812	4.201512
1.536652	2.099322
1.077003	2.366702
1.601506	3.161772
0.414887	2.977644
2.080214	0.403099
0.767697	2.364879
2.447860	5.754983
1.362620	2.157300
2.742579	1.868482
1.359502	0.885860
1.214464	5.854260
1.671139	6.082221
0.734711	4.298399
1.766354	0.654750
2.523188	3.667809
0.413619	1.817609
0.131343	2.211654
0.369894	3.894684
1.562916	3.990215
0.661183	4.550752
2.289302	0.619148
0.995494	5.074834
1.090127	4.692751
0.864434	0.298261
1.602822	6.084103
1.925477	2.640202
0.472172	0.264287
2.401968	3.214351
0.179143	4.099560
2.209365	3.245407
1.578578	3.887405
2.508722	0.678561
1.366459	3.032466
0.962468	4.560805
2.496310	0.450518
2.009969	4.341173
2.000172	2.573645
2.371655	0.607174
1.705870	1.100382
1.551037	5.379792
2.359659	3.359408
1.406455	4.881860
0.272035	2.107720
1.443992	6.103946
1.673317	1.556850
2.154488	3.001670
1.443651	1.671663
2.255155	0.536160
0.946590	0.063849
2.634689	5.993849
1.747202	4.539730
0.787928	4.730929
2.162818	3.880947
0.281188	0.071023
1.482976	6.055339
1.985660	3.467132
1.565747	2.135579
0.578048	5.850239
2.359428	4.337755
1.811282	0.918675
1.071296	6.269250
0.606588	4.179532
2.242665	5.010689
1.336711	4.665418
1.577742	4.533406
1.279091	0.845500
0.641996	1.445988
0.719863	5.535448
1.378835	0.360981
2.458365	4.769905
0.466359	1.629188
2.155894	3.777020
0.322986	2.546609
0.136538	2.961209
1.422324	4.962607
0.534084	3.815416
1.813914	4.324384
0.615471	3.323430
1.629602	6.097556
2.697625	3.847237
1.984896	4.272016
2.327955	1.383652
0.981024	3.007858
1.176597	1.813771
2.804124	0.154034
1.818372	6.243694
1.848098	1.156806
0.723110	5.958637
0.935175	0.220491
1.544112	2.946449
1.720822	4.504594
2.203497	3.028953
1.620039	1.907899
1.613661	5.392865
0.884816	2.487483
2.506943	3.418457
2.222873	2.114156
1.893169	5.888529
2.419824	0.773528
2.568956	3.220314
1.751905	3.548671
1.426129	5.408975
1.964587	6.130767
0.757157	0.933435
0.282982	0.593655
2.387276	4.825617
0.388479	3.384013
1.605335	5.176785
1.482577	1.962506
2.017968	5.574480
2.062702	4.288078
1.305620	2.989111
1.292931	5.545826
2.236618	3.849533
1.585911	3.846281
1.275669	3.082577
1.289148	4.752158
1.807424	1.006155
0.572556	3.160813
1.943977	5.040645
1.062934	4.787338
2.163235	1.315636
0.780642	0.645947
1.954918	5.460468
0.519755	2.066580
1.843101	1.528407
0.745918	2.302076
1.615238	3.646270
1.738336	0.983737
1.947558	0.988185
2.694003	4.787079
1.066192	5.064355
1.273585	1.663843
2.110954	3.202430
2.329426	5.186009
1.972884	3.152358
0.882229	5.478975
1.646268	2.185659
0.348574	5.516791
0.582237	3.899900
0.617078	2.484526
0.661221	1.029150
0.933328	5.681965
1.667506	5.971564
0.873538	0.391721
1.693389	3.400640
2.188564	5.462673
0.346703	0.308783
0.352685	6.126528
1.448610	4.738670
0.468554	4.638250
1.816938	1.824122
0.773581	5.461794
1.662236	2.982316
0.902090	0.998464
1.613087	2.721756
1.258647	1.355052
0.879797	1.626523
1.844165	0.714177
1.870810	4.728125
1.382407	6.181343
0.643209	1.768240
2.227435	4.842088
1.470539	3.228340
2.386033	3.763529
0.960823	4.352201
2.811613	2.541769
1.864534	2.367681
2.213434	2.625948
0.319353	1.296478
1.253155	0.680266
2.749432	0.857610
1.229032	5.948466
1.747399	5.876593
2.210331	0.756360
2.066645	0.647594
1.953997	1.874566
2.724919	3.165719
1.993104	0.005344
1.008116	1.193967
2.186872	2.455854
2.178092	4.063754
1.476723	0.350869
1.539613	5.506901
0.902632	3.194418
2.620302	5.395701
0.927543	1.101641
1.255791	5.889020
0.228686	0.532348
2.341804	1.352247
0.860965	2.820954
2.062228	0.706288
1.284352	6.198557
1.234003	5.351438
2.173157	3.371771
1.158572	1.057864
0.945054	2.187278
1.467312	2.634304
0.462095	3.649810
2.929659	4.046855
1.336107	0.124720
2.129126	4.115726
0.809987	3.598555
1.285637	4.895340
2.251707	3.077545
0.861652	3.087504
1.267102	4.591409
2.124539	3.433463
1.784146	2.003946
1.169764	1.161416
1.630240	6.043722
0.760633	1.624297
2.716876	6.230111
1.516730	3.790965
2.457977	3.902216
1.796682	1.991981
1.873089	2.355342
1.370965	4.388394
0.870651	3.958184
1.002885	0.741618
0.399760	3.188493
2.171900	2.644647
0.922579	5.503269
1.553744	1.577808
1.616953	4.956589
1.923159	4.789426
2.114115	1.979589
3.137641	0.391040
1.199787	0.412230
0.755233	1.504294
1.501022	1.179675
0.562653	2.356304
1.509665	3.404039
2.054551	5.641765
0.881486	6.173202
1.617372	1.061145
1.502954	1.541181
1.899742	1.089505
2.175726	4.931818
0.797818	2.457962
2.108442	2.620357
0.920626	5.916740
2.565309	2.027007
1.558463	1.379296
0.659927	0.901296
1.394855	3.609300
0.209151	2.570541
1.299321	5.443766
1.117314	5.824370
1.809117	0.390435
1.926752	4.273895
1.571079	6.244487
1.697508	0.802057
0.862195	3.303212
1.482597	1.652963
0.850347	4.513343
2.678555	2.985904
1.135680	5.601556
1.740760	4.441411
1.664642	0.474576
2.979549	0.130848
1.341065	0.561742
2.121169	0.676745
2.063201	2.686535
1.507522	4.880346
1.672269	5.481455
0.784034	1.476252
1.318704	4.863558
0.503525	3.722332
1.937371	0.119002
1.645923	3.240271
2.407493	4.838699
0.640605	2.861358
0.657013	5.483117
0.992149	3.523760
0.757091	1.917390
1.805566	2.972569
2.087337	4.314617
1.468015	1.377444
0.569290	4.406458
2.259377	3.987104
2.533526	3.563879
1.026664	1.841087
0.506217	4.959005
2.680097	0.480034
0.881307	0.701262
1.578899	2.080622
1.830224	2.599096
0.730433	4.850566
2.854770	0.915175
1.736256	1.909746
2.285571	2.469672
0.519898	2.829967
2.194531	4.038330
1.103337	1.626115
1.979040	1.788578
1.002338	2.067640
1.649371	2.421927
2.233963	5.532201
0.429699	1.087492
1.178420	0.292977
1.479389	5.498687
2.171310	3.617013
0.765364	6.081626
1.441230	3.243673
2.309491	1.696561
1.650651	1.432739
2.316040	0.992987
0.544068	4.130939
0.802221	3.899874
1.095183	5.460998
1.445847	2.059712
1.257334	4.911421
1.792006	4.734120
1.136334	4.345069
1.293083	4.560749
1.324649	2.386846
0.820404	1.087076
1.302968	0.382678
2.149578	2.403148
1.716907	4.705348
1.586469	0.143366
1.393866	5.044484
1.715094	3.720272
1.332731	0.632773
0.036791	1.484904
2.097812	1.968750
1.694725	5.693046
1.372833	4.567838
0.766621	1.512517
1.901320	1.216612
1.559183	1.507898
0.925358	0.544241
2.093421	3.867874
1.621209	5.303515
2.141965	0.238224
0.686039	2.755181
2.683183	5.054003
0.351553	3.762719
1.530312	0.216650
0.900766	3.891261
1.333021	0.965120
2.369005	5.450311
2.813993	4.363132
0.732728	5.772089
0.861013	1.649704
2.901131	5.055485
1.792133	4.931136
2.166651	4.077962
2.356735	2.003853
2.309271	0.754103
1.231626	3.737932
0.752138	2.407499
1.836602	6.209297
2.096194	0.062525
0.981445	4.182847
2.343089	2.193767
1.142078	4.463203
2.651900	5.538507
2.198438	3.786359
1.157744	4.100946
2.310891	4.541506
1.560389	3.346832
2.048222	5.997291
0.857454	0.896037
2.623107	2.843475
2.368871	2.929113
1.954572	3.020021
0.755602	0.184254
1.639464	0.372148
1.014923	5.697280
1.290002	5.665830
0.956652	1.682214
2.070359	0.613200
0.809743	5.503285
2.816815	1.646415
0.833090	2.007102
1.459889	3.953598
0.645226	3.791852
2.724290	3.716764
0.795223	0.892681
1.949868	0.036007
1.623164	4.474331
1.587940	3.960677
2.462080	2.757134
2.317905	3.728023
1.715168	0.932525
2.044278	3.021875
0.430566	3.810565
2.533902	0.053867
0.875960	3.078530
2.207814	5.805110
0.934671	0.595082
1.355394	5.521889
2.578498	4.188192
2.241819	2.752303
2.566330	1.970557
1.306769	3.438470
0.662881	3.559694
0.558926	2.064707
0.758554	1.235500
1.797871	0.162019
0.877151	4.010147
2.365623	1.440097
2.576848	3.551538
1.042632	5.352592
2.158931	2.732502
1.165683	0.982346
1.916399	3.192369
2.525249	4.399419
1.944583	1.653253
2.125652	0.122335
2.711594	2.286815
1.439130	0.002455
2.410856	4.778136
1.851594	3.506783
1.896268	4.447738
1.398526	2.740862
0.712597	0.134538
1.304867	0.923255
1.243715	6.238940
0.481095	2.376873
1.825911	0.681656
1.749160	5.164795
2.312062	3.496241
1.762738	1.703380
1.485894	2.523269
2.052277	0.744048
0.291767	5.687266
2.145341	5.303423
1.240751	3.754753
1.117641	6.027740
2.356862	3.707082
2.396063	2.263669
2.202361	1.308527
1.767865	0.022581
1.417666	0.830147
0.510099	1.956297
1.704005	1.266368
2.632195	2.438976
2.640026	5.793842
1.030174	0.345714
1.578448	3.319538
2.118465	1.267418
2.738391	5.122039
0.662855	5.540314
2.542813	2.907410
1.046674	0.031683
1.178810	0.364008
1.522127	5.289327
0.315720	2.084166
1.947642	4.023417
2.179171	0.659913
1.170581	3.813459
1.326621	4.042223
0.912102	0.641442
1.947712	0.988559
2.195335	3.492519
2.177177	4.910135
2.083405	2.301473
0.741110	6.166118
0.590020	5.834163
1.022046	1.351353
2.004119	5.925894
2.233925	6.052965
1.187190	2.696039
1.378294	4.098664
0.575044	1.408984
1.448047	2.840669
1.369675	2.718437
2.230524	1.587784
2.683072	6.141513
1.604524	0.072706
0.309167	0.788800
1.763514	3.561380
0.738470	0.027616
2.124402	5.555022
0.537265	1.840777
0.102947	0.284120
2.760718	3.194502
0.345001	1.232923
2.097200	5.188287
1.587586	2.226793
0.965826	2.596259
2.151780	5.559504
1.713459	1.705632
1.671120	4.355813
2.433859	5.321327
2.110900	1.295083
0.702571	1.305789
1.155618	5.726416
1.616182	0.476454
0.750850	1.445601
1.217527	2.363687
1.119525	5.235193
1.963753	2.186723
2.154912	3.895902
0.303496	1.822850
1.013377	5.903641
1.252612	5.855749
2.350099	2.977342
2.458978	4.151195
1.825004	0.034533
1.877980	1.254374
2.402831	3.090609
1.881705	4.814107
0.732172	4.195219
1.343826	2.422358
2.518958	3.188916
2.458233	6.038729
0.375876	6.008766
1.526965	2.025303
0.583758	4.530199
2.715238	2.255038
2.232772	1.799005
2.236238	0.435225
1.689187	0.778506
2.618465	5.837584
2.544637	5.509731
2.341080	2.368726
1.265841	5.125631
1.177400	4.134215
2.469065	4.990845
2.839414	5.439799
1.641005	4.770411
2.073086	6.204770
1.271049	4.854594
2.600126	5.486173
2.147093	0.573186
1.969186	1.511562
1.941511	3.104886
1.406634	0.393874
2.820871	5.346713
2.060406	3.201691
1.592146	3.084762
0.812576	0.640709
0.452895	0.019421
0.912526	4.993723
2.242413	2.100321
2.647070	2.541407
2.146013	4.891448
2.017755	5.376717
0.767938	1.856826
1.123023	3.208589
2.164579	5.492210
1.362049	4.670273
1.830173	6.269861
0.418765	1.170486
2.422465	5.460024
2.114993	5.469040
1.460717	4.692685
0.830985	4.303620
2.776043	4.452857
0.837792	1.510264
1.548924	2.072029
2.025611	1.840160
0.872548	5.506267
2.233198	5.768096
1.489044	1.512023
2.232009	4.631614
1.772504	0.808024
1.685499	5.765573
1.418217	4.469883
2.357176	4.573650
1.429663	3.145729
0.913221	3.664711
1.095507	4.480407
2.190124	5.704549
1.586724	2.335208
1.713598	4.124397
1.733776	3.413344
1.514073	6.009724
1.371464	5.786940
2.268005	3.260726
0.760517	4.880843
0.427418	4.172445
0.725132	0.082198
2.662579	4.882037
1.462040	5.113632
1.416180	3.994355
1.513390	4.074339
1.432254	4.091551
1.819659	0.143697
1.654855	4.416379
0.630551	5.933601
1.582229	0.177013
0.236508	2.670729
0.495527	0.399616
0.535710	1.340575
0.800705	4.547744
0.590411	0.131187
2.072645	2.443535
1.153001	0.123631
2.399399	1.176533
2.466875	1.423261
2.518056	2.175054
1.811120	2.409561
1.280249	2.023853
1.619672	5.708761
0.537205	5.906320
1.872739	1.904862
1.190650	3.168202
1.273727	4.219808
0.446464	2.320052
2.766502	1.788478
2.144622	1.622190
1.185822	4.220197
0.882575	1.969711
2.279851	0.664758
2.282632	5.298916
1.400547	0.793887
2.380318	1.815807
1.053521	4.561164
0.174656	0.921520
1.759195	0.960555
0.411937	4.024031
2.494891	0.134621
1.409299	5.471784
1.029846	4.741361
2.279968	5.600234
1.288289	0.592033
1.548021	0.603948
0.920718	5.495045
2.280257	4.457022
2.656091	1.591471
0.609192	0.634752
0.964539	1.881472
2.076344	4.904917
1.103111	4.989580
1.042145	6.128316
1.236790	6.087161
2.437255	2.688724
0.483642	4.358615
0.225053	1.125637
1.342891	0.520993
0.238752	1.030680
1.155496	3.929353
0.763410	0.085558
2.321394	5.543030
2.121102	4.257788
3.016790	5.700734
0.450556	2.265470
0.996467	2.343537
1.479227	5.540184
1.449570	5.821693
2.553911	4.622974
1.665183	5.471362
0.373528	3.142138
0.113109	3.410195
2.635580	1.892043
1.947467	0.584061
0.905041	2.972728
1.591259	5.974569
3.101410	3.474871
1.707745	4.921431
2.112176	1.538455
1.969313	0.125726
1.313147	3.202948
2.812885	4.906326
1.454537	5.784308
1.897294	1.789340
1.043574	1.685939
2.286428	3.733261
1.562592	0.080565
1.276032	2.788363
0.578249	5.252091
1.137110	4.821345
1.280739	5.090113
0.602301	6.048000
2.015386	1.697728
1.684399	1.625261
2.295692	5.598363
2.510244	3.138822
1.911995	5.798056
0.253123	3.411312
1.431754	1.398386
1.963905	1.125383
1.849430	2.782649
1.583785	1.146013
1.212446	2.223497
2.079155	5.385679
2.431823	0.897642
1.252064	2.175264
1.952019	5.314670
2.555910	5.831983
2.139419	3.585989
1.626008	2.835776
2.898919	4.821085
0.931120	1.449688
1.197092	5.360791
0.786073	2.123374
1.599997	4.153578
0.951175	0.914716
1.192298	4.029536
1.206085	5.092370
0.293290	5.366135
0.734283	0.967831
2.541732	3.210971
1.962717	0.834907
2.077277	4.178540
1.403604	5.879648
2.381022	6.058552
2.493353	4.055487
0.873140	4.185854
1.893096	0.639025
2.245796	4.439830
1.250028	1.121775
1.875499	0.576223
1.183643	2.301635
2.198399	1.745924
0.201855	5.736244
1.424357	2.373744
0.168189	4.443122
0.586605	2.659114
2.741761	0.908453
2.077919	5.115390
0.829753	1.374560
1.585362	2.182306
0.746274	0.641465
1.972945	3.434984
1.791807	2.531063
1.973184	2.010642
0.915673	3.441152
1.905891	2.450667
0.503041	5.871556
0.566289	6.165390
2.051723	1.217333
0.249401	0.202991
1.917305	6.277322
1.812334	3.391646
1.450847	2.640289
2.309695	0.486057
1.281027	6.046404
1.717342	4.039534
0.334085	2.568291
2.403614	2.369840
1.660840	2.118739
1.632924	5.264259
1.542444	4.662389
2.328897	4.548981
1.095064	4.577607
1.280625	1.339346
0.182453	5.517546
0.538305	3.232221
1.363939	3.560706
0.833244	2.843015
2.569894	4.202773
0.985090	1.865019
1.697153	5.371540
2.582564	3.049840
0.680970	1.639634
0.356986	4.437131
2.013000	1.235284
1.117119	2.358845
1.477456	3.374138
1.601866	4.697145
2.375858	2.808361
0.892220	4.012014
1.007630	1.596597
2.739172	5.316063
0.611068	1.927875
1.522009	1.676882
1.718834	2.021903
1.004525	0.017858
2.553437	5.591602
0.840500	0.503878
0.889075	2.474024
1.342778	5.022810
0.535686	0.567841
0.200367	5.195667
2.533977	5.507863
2.058467	0.816946
1.722614	5.526306
1.276354	3.749139
0.496294	1.570118
1.336213	0.914650
1.135722	4.988827
2.588531	2.427765
2.242362	4.983772
0.804240	4.619521
0.970201	4.143221
1.572593	3.764786
1.196934	2.519583
0.827764	3.623974
1.032974	4.221718
1.326353	2.128894
1.566934	1.800616
2.021623	6.027203
0.717374	0.090424
2.080688	5.200626
0.924302	5.653554
0.803168	4.384000
1.269492	0.910924
2.348790	2.344799
3.122346	3.066635
2.401784	3.495855
0.025705	4.378076
2.499326	1.406809
1.040127	3.019438
1.004966	3.772737
2.171436	4.757234
2.351281	0.581755
1.983956	3.735925
0.669382	2.834438
1.541348	3.581235
1.836573	5.848538
1.932454	1.577738
2.306553	0.832610
0.492746	3.179513
1.437656	1.860455
1.044970	0.261597
0.261095	2.840827
0.341390	1.180586
0.889557	0.227227
1.138639	4.138334
0.707121	0.885589
1.865508	0.866701
1.358348	3.706132
1.775387	2.554618
1.535242	1.224156
1.266699	1.366639
2.591010	4.869333
2.008867	5.471674
1.531248	4.981653
2.628302	4.774747
1.689192	5.859407
2.300136	5.560978
2.266643	3.750834
1.557981	3.526651
2.759306	1.192573
2.718325	3.868544
1.788958	3.739325
1.461513	4.308375
0.639031	0.235858
0.417830	4.852093
1.244954	0.374464
0.317457	3.232985
1.526270	0.613298
1.914187	3.467144
2.825985	1.204158
1.803656	0.416605
1.241851	1.861612
2.033155	1.328742
2.286823	0.190724
2.766126	3.204596
0.575099	2.625096
0.400081	1.263201
1.445867	2.321776
2.209778	3.848416
1.046289	5.235205
1.631372	5.417161
1.331532	4.790282
1.843145	0.185189
1.334097	0.054064
2.010851	0.521618
1.164906	4.412730
2.891842	3.221037
1.443421	4.565956
1.323727	0.053692
2.259077	4.297768
0.076797	3.210937
2.133048	1.453215
1.346025	4.116988
3.028925	3.145890
1.454648	1.763252
1.729739	2.253309
2.919725	2.800463
0.285495	6.187842
2.929181	5.322034
0.416094	5.439400
2.155383	6.076155
1.539403	6.221689
0.272691	1.678548
0.558380	3.058382
1.964374	3.951636
2.391799	5.048053
2.279544	3.600548
1.774805	5.039553
0.736146	6.167240
1.587793	0.069345
1.414811	4.248194
1.665244	0.105219
0.974896	6.187768
1.793801	6.280335
2.146593	6.105690
2.163113	4.834995
1.574909	6.008965
2.333211	5.913133
0.818138	2.868812
2.791027	6.133280
1.753497	0.701856
1.477179	4.400711
0.690174	0.428381
0.456366	4.628532
1.326081	6.188082
1.322252	3.143505
1.011699	4.414999
1.415339	5.600385
1.499840	3.974899
1.854013	1.788600
1.843906	1.117553
1.485280	5.327840
1.576277	1.658554
1.629724	2.809233
0.947655	3.708819
2.513621	4.348578
1.127751	1.333391
2.233336	0.102879
2.886822	2.071096
1.604790	1.603593
1.213859	5.598926
0.724932	4.625139
1.401723	5.608238
3.037129	3.468891
2.121447	5.092579
1.401398	2.733759
1.309575	1.509066
1.558916	4.979405
1.769651	2.100400
0.646464	2.634434
0.923679	2.089335
1.057653	5.499884
2.191855	5.855208
2.030077	3.348990
0.919809	1.247441
2.270091	4.953487
1.228131	2.219382
2.281945	0.384376
0.998565	3.137953
0.476141	0.467657
1.367052	1.761025
2.432710	5.299644
1.888966	3.090689
1.431049	4.051176
1.270268	0.309037
1.792352	0.926903
2.205077	5.375939
2.942515	3.793389
1.677170	6.124838
2.381490	1.721972
2.675576	5.858888
1.394726	0.651454
2.891769	2.952618
1.673159	5.520334
2.484737	5.005423
1.064929	3.961892
1.762058	3.474275
1.039842	0.100098
1.682245	4.169264
0.292997	5.504831
0.288781	5.428941
0.857246	0.162557
2.012186	4.879880
0.753753	3.472204
0.563382	4.434123
1.387669	1.713544
1.604217	5.162579
2.158556	4.434236
1.112793	4.862098
2.448575	1.096151
1.206570	3.180162
1.473047	0.331430
1.229234	3.937191
1.082283	2.090805
3.093581	2.353716
2.267592	4.294776
0.326232	2.781756
1.927499	4.849240
1.372046	0.725479
0.973085	4.560056
0.928559	3.684896
0.519365	0.621302
0.533906	5.448736
0.515568	2.816883
1.301321	4.090453
2.404126	4.563177
1.868827	2.791618
0.741310	5.711151
1.946844	4.972978
1.943905	2.137753
1.398524	2.024953
1.259908	0.246607
0.659812	1.077376
1.226801	1.064955
2.583245	3.725748
1.492854	1.413702
2.315284	5.172553
0.440690	2.051259
1.387048	0.692205
2.544310	5.975540
1.365531	5.797409
2.392401	2.234884
1.174407	0.765516
1.505295	0.074968
3.112108	3.438982
2.319718	4.099996
2.260183	6.166609
1.820539	2.127681
1.675179	3.356530
1.699624	5.751738
1.484331	5.564109
1.233020	1.276549
0.395361	2.081170
1.131366	4.605265
3.001751	3.459171
2.576361	0.215737
0.196853	0.272154
1.465031	4.417910
1.846207	4.063062
0.807468	1.481856
0.985246	0.567410
1.573418	4.789863
1.368626	2.960688
1.051461	5.586242
2.510620	1.154089
2.007826	0.375446
2.332939	4.513839
2.187492	0.708511
2.030681	2.490646
1.656156	4.088145
1.563195	0.294403
0.563325	2.369388
2.107365	3.322434
1.372888	4.502415
2.405625	4.927300
0.884378	6.154883
1.777242	2.477233
0.482259	5.825201
1.204438	3.625036
1.775410	4.928522
1.361444	6.272564
0.473875	6.081284
2.954543	6.218135
0.143471	3.647585
1.810789	4.147557
1.532125	0.143002
1.906581	2.467489
1.782460	2.911637
0.713534	0.225756
2.505383	6.247328
2.282901	0.735040
0.967350	2.589904
2.189090	2.164630
1.267383	2.810421
2.992990	1.845291
2.307138	3.871580
0.860276	5.434491
2.907839	3.131688
2.668346	3.412834
1.207589	3.789153
2.247186	0.284191
1.329249	0.399870
1.532784	4.177516
2.024233	5.426811
0.703139	1.778701
2.238997	5.190882
2.953601	5.665968
0.377946	0.360745
1.745795	5.768179
1.708136	2.494816
2.263977	6.245863
1.465445	4.844091
0.755588	1.124469
2.636180	0.885284
0.981305	4.073311
1.615474	2.060054
1.066832	1.120311
0.974361	3.490864
0.429031	4.524232
0.961580	2.421675
2.076442	1.203871
0.689087	0.459037
1.775768	3.429411
1.538469	0.362447
0.428065	0.712154
0.884690	4.757832
2.439667	2.298057
1.741055	3.667182
1.271122	4.000363
1.666060	1.824149
1.466177	1.023415
1.740759	0.404653
2.063730	0.512637
3.057847	5.399416
2.538286	2.835259
1.202982	3.268764
1.124246	1.275446
1.450732	3.816025
2.194040	0.248683
0.817605	3.859496
1.403798	1.531105
1.215710	2.237703
0.698608	0.961854
1.327773	2.410398
0.338320	4.418814
2.769895	3.997516
1.333721	5.379458
1.126905	0.937118
1.367495	2.788346
1.697169	1.259641
1.126794	2.192483
1.931719	1.772885
1.741497	5.713972
2.027073	6.118046
1.878643	5.294122
1.526471	1.120229
1.115820	5.446041
0.884877	2.157380
1.377666	0.936326
1.828598	2.527318
2.324845	6.145665
1.048970	3.135702
1.528490	2.181195
1.877285	5.742360
1.550334	0.339640
2.315303	2.803883
2.004796	1.333606
2.684490	5.064845
1.377187	4.687093
2.093852	2.221469
2.151350	4.423021
1.916626	1.837936
0.225455	5.677923
1.459374	2.062326
0.896316	5.644960
1.188871	2.597718
1.337777	3.445194
1.249919	0.057070
1.696761	6.005578
2.094758	4.712011
1.590479	0.682073
1.684566	0.685046
2.891147	3.103651
1.036577	1.077698
2.836198	1.929413
2.122847	5.301183
2.179964	2.624084
0.679405	0.884471
2.614398	6.118341
1.853560	0.083128
1.549524	5.234367
1.403985	1.548302
1.029265	5.083053
2.531543	0.443412
0.668006	5.184041
2.028696	4.620430
2.205072	3.804677
1.957709	3.967713
1.851194	3.742678
1.879826	5.867970
1.310386	4.433640
2.590984	1.315955
1.882707	6.187606
2.973588	4.088724
0.672199	1.998898
2.779884	5.372884
1.853167	4.784204
1.849504	0.023314
0.818210	3.680426
0.489824	3.378771
2.427924	5.526567
1.474812	4.672121
2.029845	5.428679
2.415045	5.959479
1.544676	0.728812
2.621050	6.135163
1.351276	0.309022
1.847274	2.881344
1.838971	3.801000
0.959916	5.075587
0.377013	4.091699
1.313508	5.086743
2.149366	5.344545
2.027719	1.527627
2.051944	6.088134
1.832464	2.435726
1.214998	3.678494
0.769674	4.819158
1.429327	2.327760
0.540506	2.337614
1.675776	0.431956
1.824429	5.800315
1.127793	5.490526
1.735869	4.418981
2.519869	3.804636
1.207593	3.142778
1.096629	0.077658
2.006339	3.275347
0.674789	0.266883
2.694434	1.736145
2.288305	1.496558
1.283980	0.737832
0.912348	5.323826
2.155797	3.258126
2.566001	0.569393
1.172014	0.322512
1.081246	3.474398
1.116756	0.433927
1.016745	1.746880
1.363575	5.581702
0.982499	2.833647
2.103885	6.159904
1.791601	5.502368
2.221571	0.073347
2.789673	4.009104
1.846900	0.178459
1.477438	3.947613
0.948610	5.650933
2.441769	1.054281
1.055904	1.205549
2.811576	4.596036
1.889459	3.010686
1.551854	4.480699
2.549761	4.214364
1.588395	1.656682
2.559786	3.872297
1.458448	3.894905
1.616664	4.009645
1.447853	1.160619
0.560127	0.329327
1.891986	5.286642
2.020242	3.458528
1.196794	2.886697
0.684324	4.198963
0.780069	5.804233
0.262372	1.598173
2.697339	2.582526
2.314284	4.472345
0.926009	3.236658
0.676368	1.512154
0.357659	6.158678
1.605897	1.368072
0.744006	3.720437
1.385384	2.966292
2.079983	4.426771
0.977385	0.426846
1.647209	4.223851
1.881628	6.221626
1.641138	1.793873
1.663073	5.464260
1.088299	0.962919
1.174458	4.166366
1.323692	3.861657
2.093657	6.134484
2.740904	0.788076
1.414112	3.897904
0.684140	5.144038
1.120699	5.659504
2.028943	2.932529
1.106799	4.682655
0.811578	1.829903
1.541363	0.537031
1.296051	5.057960
1.359392	2.414878
0.414855	5.237899
0.843395	1.066512
1.553424	1.556873
2.518537	3.007976
2.299005	0.139880
0.275557	4.305169
2.685370	6.079081
2.543613	3.048722
1.296944	1.375606
1.099002	1.008153
2.287710	4.805069
1.889652	5.573380
1.617640	1.088061
0.947563	6.217306
0.229385	1.999308
2.057257	5.544192
1.140904	5.419867
1.541544	5.352503
0.283873	1.812010
1.640749	4.233572
1.351970	0.834645
2.606453	4.837555
0.795611	5.225522
1.469547	4.267250
1.127387	5.626979
1.331989	4.917389
2.023684	1.869694
2.061693	2.724293
1.680065	5.980534
0.700000	0.556982
0.769609	5.355623
1.330680	4.690840
1.852895	6.193966
1.508144	1.246217
2.168788	4.097775
1.810192	2.906772
0.338675	5.627449
1.658240	4.054125
1.730624	3.764009
1.235261	0.603257
1.786930	3.521001
1.039996	2.079597
2.278606	3.448767
1.084557	4.951825
1.121462	3.080361
1.530864	4.375653
1.264641	6.195570
0.221623	1.691635
0.201486	2.929804
2.733719	6.279083
2.609518	2.328694
2.172267	4.597229
2.441772	2.098051
1.164560	1.106462
0.803861	1.173436
2.372896	5.989018
1.375424	5.769369
1.204983	5.582478
0.745981	3.185467
1.732577	1.389358
2.189116	5.621556
0.375136	1.709945
0.725125	3.783618
2.580818	5.140744
1.545563	0.335903
1.528224	3.293378
2.760004	0.943593
0.216054	2.699142
2.815293	3.941437
1.892531	2.586000
1.252302	1.294490
0.149252	5.938121
1.280553	3.611564
2.685550	2.873377
0.420943	5.148924
2.854961	2.562328
2.257468	5.329201
2.157492	6.041387
1.314479	1.367004
0.816706	5.984420
0.451843	4.733208
1.431027	4.132300
1.715828	1.452540
0.822231	6.243493
0.705573	5.183289
1.917710	3.639485
0.938460	2.094940
1.274619	1.453743
0.165410	1.260596
2.127331	1.888369
2.798479	2.373167
0.931540	5.190735
1.946159	0.097318
2.457412	4.356809
1.355650	1.996923
0.247799	3.565709
0.533666	1.964145
2.398216	2.995280
1.117206	5.943626
1.398027	5.491599
0.778904	0.967078
1.670940	0.854400
2.354397	2.186289
2.410913	0.111079
1.113381	1.473959
2.208513	4.646197
2.782420	2.333540
2.004677	1.533239
1.850889	4.478775
1.556325	2.516901
1.008022	0.639932
2.506372	0.364160
2.275829	1.115987
0.341467	3.373175
0.618202	5.142176
2.145649	4.374049
1.451076	2.672439
1.322480	1.058956
1.136712	5.319678
2.326002	5.307882
1.403274	2.607773
2.045334	4.404346
0.708845	4.489436
1.631861	4.484797
1.033703	4.166389
1.370655	0.463789
2.279347	1.162343
1.519565	0.338898
2.088901	5.220439
2.471393	4.991967
1.806033	4.383827
2.082849	5.487364
2.815052	0.374601
1.831005	0.386319
1.727085	2.686594
1.401523	2.948345
2.098913	1.299197
0.695487	5.718634
0.898723	1.353989
0.562248	3.776907
2.881854	2.235588
1.594249	5.513620
2.042033	2.743362
2.388767	2.546295
1.924568	6.048903
2.066268	1.271912
1.546221	0.550862
1.754940	6.259781
1.434306	4.882229
0.848155	5.895441
1.172579	1.942748
1.094834	1.072454
2.561729	5.882077
2.228893	4.125804
1.668879	5.152473
1.144600	3.644860
2.023370	3.732928
2.340418	5.037592
0.534573	5.093585
1.523473	3.733766
0.781572	0.224625
1.756669	2.304147
2.731683	3.115997
1.220351	1.077293
1.223222	3.486337
1.005319	5.551856
1.164932	1.595823
1.929234	1.939993
2.051205	2.842803
1.537754	5.587277
2.576779	0.783604
1.952187	1.007624
0.582500	3.887189
0.327714	1.112173
0.968098	4.848289
2.917566	1.055737
2.453617	6.267521
0.655649	3.258377
2.268847	3.482789
0.203799	2.220250
1.127521	0.555050
1.555002	4.824260
1.581672	1.396489
1.603846	0.654780
2.517572	5.137012
2.652232	4.785213
1.167178	1.812651
1.030833	6.050933
1.102138	4.875558
1.916450	1.703726
0.236384	1.853509
1.319875	1.940105
2.635671	0.385082
2.258726	4.543009
1.136599	4.948452
1.805284	4.444763
1.651763	6.215686
2.286269	5.269382
2.808300	0.120388
2.082496	2.782983
1.880176	4.056327
2.286307	5.687712
2.072266	4.900058
2.809085	5.090631
1.222509	1.805165
0.697328	3.242671
2.828229	1.836326
0.732326	1.471398
1.311160	3.278838
1.982599	5.821970
1.261266	5.653872
2.290555	1.889093
1.465232	5.580562
2.204228	6.067923
0.914910	2.181301
1.373262	2.979005
1.265560	4.447480
0.063904	5.694751
1.415322	5.321124
0.832100	4.841206
1.772866	4.923662
1.002444	5.895418
2.490057	3.976981
0.269082	2.693906
2.800650	3.790032
0.799129	4.440825
0.866640	3.303211
1.910719	5.346454
1.042253	4.083395
0.672886	1.131208
0.263561	1.613126
1.412176	5.109529
0.378386	5.539219
1.653216	3.476164
1.275335	4.235883
1.730035	2.795382
2.543991	6.218164
1.954845	2.725807
1.208305	5.643040
0.204128	2.628487
1.003079	3.314780
1.963526	0.849861
1.305820	2.413767
1.633267	1.654805
1.613104	5.475858
0.831750	0.444438
1.499715	6.028793
1.205101	2.073213
2.387930	3.646142
0.448306	4.856576
1.880295	3.706784
0.215563	5.996438
1.446750	3.212269
1.407991	1.600265
3.055120	3.780302
1.834051	2.508625
1.506302	4.444445
1.504263	0.624891
1.151902	1.259740
2.954393	3.972086
1.256322	5.123016
1.115843	5.291643
2.289601	1.074115
0.176752	5.776620
0.571274	0.457180
1.677289	3.972623
1.773323	1.750109
1.986930	1.130239
1.023663	3.633665
1.059460	2.184643
1.414457	4.376049
0.870824	5.961982
2.388381	0.047529
2.934741	1.127888
1.498345	0.899293
2.714388	5.085404
0.920010	1.524832
1.517311	2.802898
0.403616	4.720127
2.373221	4.716082
1.115735	0.115787
1.430575	6.193671
2.657529	6.217031
1.020441	2.952149
2.679105	2.810198
2.033481	5.198391
1.078370	3.651600
2.636035	2.390750
0.845176	1.498674
2.759709	0.369744
1.006415	2.213438
2.727119	2.967956
1.037645	3.379075
2.527928	3.632293
1.474445	1.722500
1.033997	5.879338
0.378329	5.954933
1.590107	4.601817
1.357665	1.480271
1.337791	0.123972
0.291616	5.579226
1.838498	1.305971
1.292258	4.047463
1.813572	0.289497
2.386255	1.997120
1.515118	2.612612
1.122751	0.953941
1.807102	5.873591
2.495918	0.853521
1.015872	4.253872
1.783442	0.803162
1.302184	6.102476
1.347479	4.614573
1.649328	3.672059
0.415883	1.510310
0.277570	4.296571
1.512011	2.186806
2.375621	1.393739
2.604943	0.131245
2.159317	1.953787
1.848128	2.875736
1.717868	4.418984
1.648458	0.203917
0.639434	3.309596
2.289001	4.712355
0.349536	4.471151
1.473082	5.363357
2.818988	2.094278
0.631191	3.217631
2.617343	5.383739
1.841855	3.722492
1.594864	2.835782
2.323943	1.661418
0.496044	0.170824
2.196341	0.905151
1.994194	5.786827
0.683981	5.218433
1.048417	4.683038
0.368172	2.329030
0.561175	5.368731
2.192074	0.993005
0.841231	0.228730
0.331000	5.122013
1.593206	5.281837
2.554758	1.253153
1.389955	5.822452
0.779622	5.850590
0.772806	5.624415
2.340613	0.161183
2.810853	3.966859
1.834080	2.831625
0.998094	2.964490
0.067191	2.523814
0.617363	0.236982
0.656009	4.884594
2.382522	4.465606
1.845069	6.054898
1.184200	2.751368
2.388559	5.893686
2.127054	1.010960
1.017202	2.229511
2.008927	3.899664
0.703964	2.128992
1.957070	2.133639
1.773007	3.596146
1.479226	4.899791
1.137580	5.863246
1.280230	1.396544
1.624043	0.371403
1.356748	1.588312
0.896172	3.444520
0.351130	2.264356
1.511721	1.625294
1.760960	4.072798
0.145225	0.453096
1.606615	3.388320
1.036352	3.511790
1.648517	5.844087
1.448912	0.194982
2.242276	1.382916
1.505105	1.886985
1.338015	0.890350
1.676693	0.361673
2.467098	1.618034
1.899031	1.091748
2.176624	2.760911
0.642671	1.204111
1.562014	3.040654
2.404817	1.888330
2.163910	3.402054
1.203268	2.528928
0.358012	6.021104
1.071052	1.118815
0.746439	2.952563
1.336774	3.812308
1.551699	1.279481
1.969445	6.124785
2.340239	3.074168
1.117940	5.602681
2.783166	2.104748
0.898290	0.271340
2.036487	2.836076
1.706480	6.228387
1.415237	4.897186
0.300139	2.979895
2.383825	2.044599
2.879501	2.725696
0.314384	6.150830
1.697946	0.754952
0.221457	5.510442
1.282857	4.854592
1.521815	5.672890
1.431157	5.942822
1.896906	0.955296
0.747033	2.223195
1.174043	1.347216
2.611911	5.229716
1.233309	3.446334
0.575461	0.297923
2.874602	3.417306
1.521339	4.668374
1.440955	5.936839
2.079725	3.513099
1.242424	6.043794
0.718321	4.077834
2.780480	3.745545
1.836697	6.211166
2.059274	1.516033
1.660508	5.585759
2.588207	3.863696
2.944443	1.403410
2.224369	4.932185
1.098651	5.944376
2.212129	2.458093
1.248585	6.209779
1.715613	3.744198
1.854809	4.940844
1.680541	4.760310
2.105086	0.701047
0.844366	1.162589
1.241041	0.935603
1.711872	4.099723
2.251769	5.647716
2.756444	0.540217
2.452652	3.892123
0.526633	4.214681
1.524912	2.266806
1.227107	5.979869
2.258013	1.072998
0.175699	2.655404
2.715495	3.929481
1.039616	2.476244
1.333357	1.928513
0.723513	0.792127
0.901335	5.000080
2.314083	2.559390
2.302319	4.754224
1.782467	5.876960
1.896687	6.145733
1.554898	0.586750
0.491828	0.616819
1.183285	5.910342
1.433470	0.384897
2.117494	5.660821
1.253705	4.923758
0.930837	4.703244
0.363603	4.747421
1.945865	3.709763
1.467211	6.231422
1.623447	2.648855
2.001911	1.612120
0.990473	5.095396
1.520232	0.588251
1.189095	1.470581
1.963817	5.059707
0.789167	0.787632
2.315943	1.465899
1.423686	1.604001
1.989892	1.814745
2.359304	5.198342
1.933550	5.515801
2.479239	3.247988
1.512179	5.925984
1.499343	5.092316
1.947553	2.804315
1.254580	5.006003
1.261660	4.780949
1.665487	0.908234
1.473475	5.983563
1.754205	0.332873
1.056369	5.359319
1.086593	2.071738
1.186268	2.256026
2.112375	5.246978
1.572279	3.689270
1.731686	0.270072
2.219568	1.808353
1.192865	0.246992
1.161591	2.375660
1.527612	0.574792
1.059785	1.819399
1.525968	1.948665
2.050992	0.538435
1.553380	3.028319
2.696553	5.357189
2.071484	3.489174
1.942614	3.609200
1.660401	2.701560
2.290337	3.219600
1.129483	1.656765
1.895093	5.453376
1.493107	4.947640
2.469596	4.439427
1.090999	0.559542
0.248677	3.436733
1.093779	3.137564
2.130007	5.109774
1.815280	1.893283
1.585012	2.445118
1.636967	0.285417
0.226175	5.282024
1.891828	6.111714
2.613772	5.103357
2.280380	4.151218
0.553437	2.939500
0.969598	3.461332
2.734015	4.897733
1.782634	2.406201
0.467389	3.812805
2.418604	4.441302
2.975233	1.801178
1.756712	0.114548
1.869864	0.889131
1.158333	3.672148
2.486330	1.197084
1.814798	2.941539
2.405016	1.987024
1.462213	2.621221
1.221957	1.173370
2.722537	5.523547
1.640266	0.784497
1.847997	1.147460
1.741087	4.814880
2.327525	2.323119
0.892482	0.653408
1.999208	3.380024
1.164371	2.931938
1.028390	4.019844
1.051502	2.327826
0.634372	5.562000
1.233234	0.319137
2.356912	4.019989
1.148669	0.416725
1.013396	2.688965
1.542747	5.019783
2.510306	1.152220
0.912540	3.880792
1.215202	1.552074
1.431180	1.009963
2.681370	6.010294
1.326042	2.232449
0.356424	5.151545
1.062494	5.315578
0.986539	2.773832
0.310032	4.395264
1.481311	2.220457
1.086733	3.048590
1.993602	1.997180
0.915607	2.323735
0.860611	5.228878
1.994207	2.314572
1.652690	4.598441
2.537087	0.461355
1.919687	1.516430
0.934862	4.498377
1.367538	3.700523
2.783858	5.291760
2.540328	0.025828
2.800778	5.003526
2.824548	2.186617
0.814825	5.165704
2.822548	1.683798
0.592936	0.487833
1.299542	3.477725
1.737929	0.867098
1.026614	3.334964
0.297280	0.922263
1.437839	2.477670
1.509597	3.250390
2.595154	2.955256
0.463254	4.469648
1.832642	1.868606
1.816972	0.851756
1.133868	3.718509
0.799543	3.206769
1.595056	0.173272
2.710318	4.112291
0.779312	3.008261
0.211605	4.566115
1.049225	3.525994
0.447900	3.041569
1.191273	0.420830
2.035491	5.109416
1.740926	2.986787
1.274751	4.416075
0.253966	0.857964
1.147706	2.798105
2.436538	5.097768
1.218495	3.726345
1.498995	1.236873
1.062903	2.308759
2.351738	2.754531
1.738093	5.467236
2.032242	1.075650
2.228244	5.663795
1.742940	0.850648
1.551404	0.129914
2.524173	2.873392
0.324038	3.125692
1.424937	4.143143
0.573640	5.574718
1.776102	5.423116
2.349841	1.950021
1.146531	1.250769
1.613225	5.089678
0.816703	0.370046
1.581687	4.836966
1.935988	6.188344
1.707984	2.325091
2.106337	1.619953
2.558455	0.881927
1.985487	4.829416
1.064047	4.211620
1.953379	0.222554
2.126220	2.047253
2.042051	1.932497
2.435442	1.715984
2.862819	3.561610
2.384984	2.686861
0.702725	4.645329
2.437503	0.480433
2.158940	2.164261
2.565879	0.555561
1.145878	3.829538
1.058195	5.110339
1.669857	6.050070
2.754759	2.550745
2.788630	5.965425
1.542201	0.327679
0.767914	4.818784
1.472878	4.100516
2.174037	0.272986
2.548689	0.474065
1.328440	1.841783
1.738496	1.661888
1.986755	5.212979
1.960430	5.779729
2.078223	2.726907
1.637294	6.235876
1.736472	0.639428
1.534769	3.776008
1.004922	1.182005
1.127367	0.426822
1.362132	5.878160
1.797748	1.975158
2.006724	4.020416
2.483851	0.688284
0.601577	1.142432
2.174460	4.498534
2.536401	0.926790
1.280347	3.262395
0.501348	0.722616
2.259725	5.197234
1.477268	1.907552
0.823492	2.018693
1.388203	0.338923
1.182921	2.570429
1.517828	5.601113
2.169844	2.568383
2.450326	0.864368
2.176755	0.733561
1.607351	1.762102
1.150245	2.379400
1.394986	2.149817
1.121866	2.041825
2.420214	4.015869
1.776722	2.170308
1.272261	1.298599
0.175192	0.914791
1.881957	2.315713
1.906670	4.103427
2.478011	4.729528
2.338389	1.851328
1.552978	0.410296
0.759267	1.448964
0.136845	5.667833
1.356128	2.754328
1.920068	4.015197
1.411210	4.460538
2.402647	5.631994
2.173082	5.069019
1.333676	4.300921
1.002616	3.261694
0.609426	2.629952
2.584365	1.089033
2.966162	1.520796
2.415815	6.169205
2.058266	5.149787
1.425275	2.309442
1.904906	0.508926
1.709614	4.724789
1.598855	4.344238
