2
14
16
6
-16
12
4
6
-6
8
2
14
16
8
8
8
4
30
10
32
26
2
8
-2
-30
14
-4
20
-2
-10
0
14
16
6
-8
10
6
8
14
18
8
-6
-4
8
16
24
6
26
8
12
-10
14
18
16
16
4
20
2
10
-8
12
26
-6
8
34
6
24
18
12
8
4
4
22
14
0
4
-6
6
16
2
14
16
12
8
26
10
-8
18
14
20
4
24
6
12
28
26
6
14
0
10
10
28
26
0
-18
-8
22
32
-18
16
20
22
-12
30
14
2
22
22
4
14
16
-14
16
2
10
0
28
16
32
-16
40
-2
14
12
8
-18
32
-2
16
6
2
22
12
16
10
52
12
-14
24
8
16
22
26
-8
16
14
18
-24
30
4
12
30
20
18
18
2
18
36
2
16
28
-10
14
-6
34
4
0
40
4
4
12
8
8
-10
6
-6
8
20
0
-18
42
8
-10
0
14
20
4
-10
18
6
16
-10
-8
2
10
14
20
8
-6
-6
14
-2
-6
-14
16
-16
24
-2
-2
24
-2
-2
18
28
10
8
0
-6
30
16
8
22
2
2
-10
10
34
16
-6
0
8
18
12
6
18
10
22
0
14
26
-10
10
-10
-2
18
6
-6
28
8
-4
-2
12
30
2
-6
12
-18
-8
-4
32
6
8
0
24
-18
20
4
-12
8
12
14
18
2
8
30
-10
20
26
-2
16
0
26
12
0
-18
48
14
2
-4
-2
2
22
24
20
18
26
2
2
2
10
12
4
2
0
6
14
22
16
4
0
18
14
-10
-4
-4
16
8
-8
-6
20
-6
-10
14
16
2
28
10
12
18
16
10
12
38
22
8
-14
14
0
20
20
-6
12
20
10
10
22
0
24
12
26
22
20
14
10
38
0
12
-4
12
26
8
8
20
20
2
0
-2
4
28
12
8
12
12
26
22
-10
26
-14
18
6
8
4
-2
10
14
10
8
10
16
0
12
20
2
-8
26
32
-6
2
8
6
0
14
8
22
0
6
14
6
12
20
10
2
20
6
10
22
-4
18
-4
10
6
4
18
2
34
16
6
14
20
4
10
2
-22
0
10
-4
24
10
4
24
-2
14
-6
36
14
4
14
4
26
0
8
0
4
18
28
0
8
-14
-2
8
-10
-2
-2
12
24
-2
16
4
10
-6
10
26
-4
8
12
-4
32
6
8
12
0
8
24
8
24
18
22
2
14
16
10
6
12
-2
12
2
18
30
12
16
40
20
34
0
-10
22
-6
20
-2
18
8
-16
26
24
2
14
0
18
22
-14
18
22
14
16
12
22
-2
0
40
40
16
18
34
12
28
-4
-4
8
-8
18
8
20
20
10
12
6
12
20
28
24
26
16
6
28
16
-2
20
-4
2
12
18
10
2
6
26
6
-8
20
16
22
6
12
22
16
26
26
-4
38
28
8
6
22
-2
-6
0
30
-26
20
12
-4
16
10
-4
-2
18
6
12
30
18
26
-2
24
18
20
-6
0
10
22
-8
10
-6
4
18
14
12
-10
-6
10
18
12
18
6
4
14
0
22
-4
18
10
-14
4
6
4
12
-4
14
-16
-14
-12
-8
0
26
14
18
-2
14
20
44
8
18
22
16
4
12
0
8
2
16
14
28
10
-6
6
8
24
8
34
-32
28
6
20
4
28
-4
8
8
24
-8
20
12
4
36
6
18
-4
18
12
0
-2
26
14
22
20
2
8
6
2
32
22
26
30
2
28
18
4
6
4
10
16
12
-4
-4
12
-2
18
8
4
-4
12
-8
-8
16
-4
38
-2
24
22
-2
20
8
0
12
10
-8
20
8
14
-8
8
-14
4
0
14
4
-6
0
14
14
-4
14
2
0
14
4
22
28
38
-4
-10
36
12
16
6
32
4
0
4
16
6
32
6
8
50
14
24
16
32
30
10
22
6
2
14
10
20
6
28
0
32
2
14
14
16
10
2
10
24
-4
-10
10
22
0
34
16
6
20
22
10
46
18
14
20
10
2
-8
2
8
2
2
2
-6
12
22
20
18
12
20
2
8
-4
8
20
10
-16
12
14
-10
-12
24
6
14
18
6
12
24
24
30
4
18
-4
30
4
18
16
10
4
-16
8
8
6
18
10
26
-18
-2
6
16
12
6
6
-18
-10
8
32
0
4
-8
12
8
20
16
28
8
14
4
20
32
4
4
14
20
30
20
34
4
-14
-12
-4
28
-6
6
0
-4
44
0
10
18
16
-6
-20
16
20
16
0
14
-14
14
8
20
10
24
-2
18
14
16
22
-6
18
34
18
14
6
-4
-2
8
36
0
28
18
26
6
20
-2
6
6
0
22
22
8
32
16
12
14
10
30
10
16
20
-14
-10
-4
4
16
8
30
-22
-6
26
6
20
22
12
24
28
-2
6
-14
34
2
12
-12
20
-6
22
-4
0
4
34
12
42
