0.000000	1.000000
0.194000	1.909000
0.654194	3.105909
1.188654	4.843106
1.905189	7.548843
2.741905	11.703549
3.670742	17.787704
4.655671	26.033788
5.656656	36.346034
6.619657	48.264346
7.558620	61.680264
8.369559	74.945680
9.026370	86.946946
9.507026	96.506947
9.885507	104.792507
10.017886	108.464793
10.010018	109.628465
9.772010	105.801628
9.323772	98.249802
8.669324	87.026250
7.930669	75.175026
7.045931	62.095175
6.089046	49.550095
5.094089	38.441550
4.095094	29.310442
3.142095	22.601310
2.227142	17.726601
1.462227	15.177727
0.807462	14.191178
0.328807	14.886191
0.036329	15.142886
-0.077964	16.059143
0.091922	17.160059
0.396092	17.793160
0.936396	19.129793
1.616936	21.211130
2.413617	24.677211
3.302414	29.880677
4.271302	37.365881
5.270271	46.897366
6.263270	58.310897
7.200263	71.046311
8.037200	84.375046
8.778037	97.360375
9.356778	108.633360
9.795357	118.344633
9.989795	123.278345
9.961990	123.795278
9.741962	120.411795
9.347742	113.916412
8.825348	104.817916
8.156825	93.792818
7.318157	81.141793
6.387318	68.529142
5.404387	56.876529
4.403404	47.068877
3.418403	39.391069
2.487418	33.983391
1.670487	30.785983
0.987670	29.506786
0.436988	29.925507
0.070437	30.433926
-0.093930	31.742434
-0.104094	32.559742
0.131896	33.936560
0.540132	35.241937
1.142540	36.707242
1.867143	39.680707
2.765867	44.031681
3.716766	50.464032
4.705717	58.802464
5.706706	69.214802
6.691707	81.509215
7.584692	94.285509
8.381585	107.038286
9.052382	118.787038
9.537052	128.798787
9.871537	135.796799
9.993872	139.015797
9.895994	138.647016
9.637896	134.450647
9.229638	127.774451
8.593230	116.735774
7.828593	104.492736
6.905829	91.192493
5.962906	79.371192
4.961963	68.447371
3.964962	59.588447
3.009965	52.971588
2.139010	48.596972
1.368139	46.384597
0.775368	45.250385
0.388775	45.973250
0.158389	46.633973
0.094158	47.854634
0.280094	48.439855
0.602280	50.016440
1.122602	51.422016
1.801123	54.051422
2.619801	58.546051
3.540620	64.266546
4.507541	72.224267
5.508508	82.240224
6.483509	93.998240
7.420484	107.365998
8.271420	121.019366
9.030271	134.049019
9.577030	145.222049
9.985577	154.425222
10.109986	158.418425
10.148110	160.854418
9.926148	156.712854
9.501926	149.148713
8.875502	138.809149
8.130876	126.938809
7.312131	114.462939
6.371312	101.962463
5.380371	90.289962
4.379380	80.530290
3.396379	72.968530
2.479396	67.752969
1.660479	65.031753
1.019660	63.417032
0.537020	62.079417
0.204537	61.990079
0.100205	63.309990
0.174100	64.911310
0.402174	66.364911
0.846402	67.978365
1.468846	69.979978
2.207469	73.165980
3.098207	78.057166
4.043098	84.694057
5.040043	93.748694
6.035040	104.709749
6.990035	117.296710
7.898990	130.749297
8.671899	143.898749
9.284672	155.031899
9.779285	165.295032
10.033779	170.925295
10.120034	173.950925
10.066120	174.045951
9.736066	169.090046
9.275736	161.529090
8.593276	149.865529
7.796593	136.981866
6.887797	123.576982
5.916888	111.163577
4.917917	100.407164
3.926918	91.588407
2.989927	85.647588
2.124990	81.805648
1.424125	79.685806
0.909424	79.367686
0.472909	79.607368
0.270473	81.039607
0.252270	81.289040
0.444252	82.561289
0.798444	84.158561
1.382798	86.916159
2.087383	90.058916
2.946087	94.874059
3.874946	101.446874
4.853875	110.253447
5.854854	120.962253
6.829855	133.296962
7.718830	146.357297
8.543719	159.866357
9.260544	172.903866
9.757261	182.044904
10.153757	190.670045
10.298154	194.518670
10.246298	194.978519
10.006246	191.378979
9.606006	185.311379
9.009606	174.777311
8.259010	162.002777
7.406259	149.050003
6.469406	136.193050
5.478469	124.488193
4.481478	114.588488
3.530481	106.866588
2.633530	101.278867
1.826634	98.381279
1.195827	97.958381
0.727196	98.305958
0.438727	99.774306
0.324439	99.059774
0.386324	99.727060
0.700386	101.043727
1.168700	103.365044
1.815169	105.239365
2.603815	108.589239
3.484604	114.284589
4.447485	122.074285
5.446447	131.978074
6.441446	143.763978
7.366441	156.847764
8.203366	169.356848
8.950203	182.809357
9.592950	194.238809
9.981593	202.234239
10.209982	207.410234
10.274210	209.535410
10.142274	207.737535
9.810142	203.399738
9.223810	192.471400
8.493224	180.552471
7.632493	167.732552
6.709632	154.623733
5.724710	142.334624
4.723725	131.886335
3.742724	123.511886
2.831743	117.707512
2.000832	114.217708
1.316001	112.418218
0.739316	113.180418
0.346739	113.161180
0.160347	113.993161
0.184160	115.169993
0.392184	116.107170
0.854392	116.492107
1.404854	118.780492
2.147405	122.214780
2.982147	127.042215
3.924982	133.279042
4.915925	142.085279
5.914916	152.886085
6.875915	165.140886
7.756876	178.549141
8.575757	192.858549
9.250576	204.888859
9.737251	215.756889
10.089737	223.199757
10.192090	227.379200
10.130192	228.163379
9.868130	223.408163
9.397868	215.767408
8.773398	204.575767
7.992773	192.684576
7.125993	179.724685
6.185126	167.467725
5.188185	156.075468
4.191188	146.716075
3.248191	139.090716
2.425248	134.795091
1.648425	132.690795
1.053648	132.132691
0.583054	132.440133
0.316583	132.780440
0.210317	133.944780
0.312210	135.253945
0.622312	136.475254
1.148622	138.440475
1.837149	141.106440
2.653837	144.549106
3.566654	150.536549
4.541567	158.814537
5.542542	168.898815
6.527543	180.704899
7.458528	193.684705
8.315459	207.057685
9.064315	220.343058
9.689064	232.052343
10.059689	240.164052
10.288060	245.992164
10.296288	247.257992
10.068296	243.559258
9.654068	236.635559
9.085654	226.124636
8.371086	213.518125
7.514371	200.549518
6.577514	187.868550
5.590578	175.907869
4.589591	165.727908
3.610590	157.533728
2.705611	151.825534
1.890706	148.151826
1.215891	146.312152
0.719216	146.978312
0.342719	147.262978
0.194343	147.587263
0.216194	148.227587
0.476216	150.172228
0.936476	151.910172
1.530936	154.951910
2.323531	159.238952
3.178324	164.215239
4.125178	171.288215
5.116125	180.547288
6.111116	191.696547
7.070111	204.639697
7.959070	217.420640
8.759959	231.561421
9.388760	243.599561
9.865389	254.067600
10.141865	260.718068
10.262142	264.716718
10.126262	262.904717
