10
18
14
10
-22
34
-12
8
-18
14
-2
6
6
26
14
10
16
30
12
28
4
12
18
-16
-44
32
-2
22
12
-8
-6
-14
16
-4
-14
6
16
-6
8
2
-8
-12
-6
4
4
12
-2
36
-6
8
-14
-2
22
12
32
2
18
-22
-18
8
-4
18
-14
8
22
24
6
16
0
8
2
-20
24
4
2
4
-24
-6
12
20
8
8
10
12
30
14
-24
-4
24
38
16
6
-6
2
18
10
10
56
-2
34
4
4
16
-16
-14
32
8
28
-32
16
14
6
-10
28
0
16
24
24
26
8
14
-18
-4
2
-8
20
28
14
10
-44
40
-10
6
4
16
-26
44
6
-6
18
-20
14
2
16
6
34
16
-14
42
-20
10
36
16
-32
14
8
16
-38
22
4
-2
40
14
30
20
-14
10
22
4
14
16
-20
26
4
50
0
2
34
-4
20
-8
2
-4
-20
4
-36
-8
14
-2
-22
30
14
-18
4
4
6
-6
-20
18
6
20
-22
14
-4
24
8
12
-2
-14
-14
8
-6
4
-24
12
-18
18
-6
-6
6
2
0
14
2
14
4
-14
-2
16
4
12
26
20
0
-4
10
34
14
-24
12
24
16
18
4
22
-4
12
2
8
24
-2
32
-14
2
20
6
-32
26
14
-2
-8
-4
22
-26
-14
6
0
-2
-10
24
10
12
6
18
-22
14
12
-8
-12
24
24
20
0
18
28
-2
16
8
8
4
-8
12
-10
-14
-28
38
4
6
-14
-6
-12
-8
-2
36
22
28
16
-22
-4
14
-10
4
4
-2
-2
28
6
16
-10
-2
22
-6
-18
8
-6
24
6
2
-26
44
-30
10
32
8
-14
8
24
20
-8
6
6
12
-2
6
20
-30
26
12
22
10
-24
10
2
-14
6
22
-12
24
-2
14
12
10
-6
26
30
-16
0
-2
12
26
0
10
8
6
4
2
-12
-8
30
-4
-6
2
0
32
44
-12
12
-18
4
18
6
-4
-22
-4
4
-16
2
8
-8
-4
-2
30
-16
-12
22
38
6
4
18
10
-10
20
10
32
-16
-2
18
6
-8
22
2
20
4
-16
12
12
-4
26
-12
16
10
8
14
20
40
6
-2
2
20
14
4
-12
-44
-8
22
-2
14
10
20
4
-6
18
-8
58
-12
4
26
-14
20
-10
-16
-28
4
2
12
-22
10
-10
4
4
-28
-14
-20
-8
24
-20
12
6
-6
-6
8
18
-26
-4
14
-8
34
-16
4
6
12
2
22
22
38
14
22
0
-4
14
8
2
-14
0
20
8
20
16
2
12
26
0
30
2
10
28
-8
-10
-8
6
4
-8
30
28
-10
-18
12
-6
12
-16
4
26
18
4
4
12
-10
-20
20
22
20
20
12
-2
18
8
-12
10
26
14
18
18
26
-10
12
2
10
2
20
32
24
10
4
8
0
2
26
-16
4
-12
28
10
-6
16
30
14
0
22
10
2
-12
-8
20
-4
30
26
4
26
26
4
-10
12
-16
-10
-8
34
-42
10
2
-20
-10
8
-18
6
20
-14
-2
26
4
24
-4
4
2
10
-14
-12
8
16
0
18
-16
6
20
4
-16
-28
-2
-12
6
22
18
-8
-2
22
-8
14
-6
26
8
-24
-6
10
-8
10
-6
12
2
-10
-22
-20
6
24
44
18
-6
12
12
60
24
16
-12
0
6
8
-6
-6
2
14
2
30
10
4
6
-16
40
-16
34
-28
26
0
12
-2
10
16
8
-10
24
-20
24
4
10
18
4
12
-28
8
-10
-18
-24
24
-8
10
16
-8
16
26
-10
24
32
16
18
-8
6
14
4
-18
-12
14
2
-6
-4
6
-18
-8
0
6
-6
-16
10
-12
-22
36
-10
26
-4
4
8
-14
8
26
6
-6
-8
-2
20
24
16
-4
-4
-20
-8
26
6
6
-16
-4
32
10
-6
10
-8
2
18
22
30
10
38
-10
-10
34
8
18
16
24
0
-6
-4
16
10
6
-10
8
44
22
2
14
28
36
-18
32
-8
30
10
-2
14
8
18
0
22
-12
4
16
22
-4
0
-14
24
2
-18
12
4
14
26
-4
10
14
26
-2
36
22
-8
12
-6
6
-12
8
8
6
24
8
-12
-8
20
16
32
20
16
2
-10
4
-2
-2
20
0
10
32
-28
-42
28
18
24
20
8
0
32
24
22
-4
10
-6
16
12
6
36
8
-10
-16
12
2
6
18
4
12
-30
-10
-16
20
-14
4
-4
-32
-2
-20
38
-16
-8
-8
8
-2
22
12
10
12
0
-22
24
26
-4
0
24
22
20
6
38
-16
-24
0
-16
44
-16
-6
-4
2
46
18
0
-4
18
6
-2
16
4
26
-8
-8
-12
22
4
6
-18
16
-2
14
6
-4
8
-26
24
16
2
6
10
-18
6
-12
50
-6
36
28
30
-2
20
6
26
8
0
30
10
2
8
12
18
12
-6
34
0
6
-2
-4
-12
-10
6
-4
4
28
-2
10
30
12
22
22
-2
18
8
-2
8
-20
26
-4
26
-32
16
-4
8
-14
22
-22
26
-16
34
