401	401
399	400
402	402
403	402
400	399
400	398
398	400
399	398
404	403
401	397
400	396
397	401
403	404
400	395
398	397
402	405
403	406
403	407
402	396
397	396
396	396
399	394
398	393
403	397
401	394
399	392
397	399
404	398
400	391
405	399
396	402
399	390
405	397
405	404
406	400
395	396
394	395
397	392
406	396
398	389
407	397
397	388
404	408
398	387
407	395
397	386
399	387
398	385
408	395
402	407
401	408
396	389
409	394
404	409
404	410
393	394
407	401
409	393
396	399
408	392
395	398
395	388
401	409
408	401
406	405
395	403
394	389
409	391
400	389
398	384
393	388
400	409
399	410
410	391
411	392
407	406
392	388
398	411
397	383
412	391
399	412
397	412
393	396
412	393
413	392
411	390
394	403
414	393
408	390
397	382
399	384
408	389
415	393
396	412
395	412
396	381
394	411
407	390
394	413
394	414
393	415
397	380
404	411
392	416
393	412
395	380
400	384
409	402
401	384
394	416
396	379
391	417
397	378
407	388
390	418
395	378
410	403
392	418
416	393
417	392
416	391
391	388
417	394
413	390
418	391
390	416
389	415
408	406
388	414
405	412
394	377
388	416
390	388
398	379
392	397
393	419
394	379
417	390
418	393
389	419
394	418
390	389
397	377
393	378
392	377
398	376
419	390
387	413
420	391
387	417
392	420
392	379
408	407
411	403
406	413
401	390
399	375
400	376
399	374
388	420
386	413
419	394
407	414
412	403
388	421
409	407
391	376
389	422
389	389
393	421
394	422
393	403
388	388
387	422
397	375
401	376
390	377
418	389
389	376
388	375
393	404
397	410
408	413
387	423
421	391
400	373
395	423
392	387
389	423
387	389
415	394
386	417
387	374
387	419
406	415
420	389
387	387
395	421
395	424
408	408
396	425
388	377
386	390
401	374
422	390
387	378
413	389
396	423
386	378
385	413
407	416
386	387
420	395
421	388
400	372
406	417
409	409
385	412
422	387
397	423
395	416
385	388
384	387
394	425
400	371
385	391
386	375
386	373
384	412
385	372
396	426
408	415
406	418
397	427
390	424
421	386
383	386
423	386
386	371
424	386
386	424
388	373
421	392
385	425
402	375
425	386
386	411
382	386
403	376
387	425
398	428
392	405
426	387
383	413
397	429
422	393
382	414
413	403
412	388
427	386
385	375
428	385
383	385
385	370
386	426
401	372
384	426
425	388
428	384
397	430
383	426
429	383
399	427
404	375
396	430
428	387
429	387
430	384
384	390
387	370
388	369
420	396
421	397
393	426
400	370
413	404
381	386
407	419
385	377
417	395
389	368
423	392
431	384
398	423
402	372
409	416
385	369
384	376
431	385
409	413
410	417
412	405
384	371
420	398
411	387
410	418
402	371
410	419
381	415
432	383
430	387
433	384
382	426
385	392
434	384
435	384
390	368
420	399
384	374
380	414
391	367
381	425
424	393
436	385
391	375
383	370
397	431
391	397
401	369
409	420
382	371
386	427
384	368
434	385
436	383
385	423
381	424
392	366
412	386
392	368
380	423
437	383
379	413
407	420
438	384
405	374
383	391
380	387
438	382
398	431
438	385
410	415
407	421
391	425
395	430
379	424
428	382
439	385
381	427
406	373
439	386
380	426
378	423
381	388
430	382
414	405
393	366
411	419
394	367
407	422
400	368
408	423
382	428
399	432
379	388
389	367
379	427
382	372
440	384
377	423
385	393
427	381
428	380
400	433
391	365
404	377
400	367
440	387
412	418
403	371
376	422
440	388
378	387
433	386
426	382
383	429
433	387
401	434
439	389
402	434
401	366
410	386
377	386
432	388
413	419
385	394
383	430
378	412
431	389
377	411
381	429
378	428
400	435
390	365
380	412
401	436
402	365
439	390
412	420
400	437
415	406
385	428
376	385
378	426
429	379
377	428
403	366
377	410
376	387
375	421
402	433
399	370
392	427
438	391
432	382
407	424
377	413
381	372
403	432
440	391
382	431
423	385
381	370
383	367
425	381
414	419
381	432
375	384
384	395
441	383
380	369
381	433
380	371
415	420
376	388
376	383
414	421
379	368
378	367
404	433
401	438
382	366
416	421
406	375
412	385
404	367
416	407
380	434
414	422
437	392
438	393
414	423
402	438
421	400
381	365
417	408
376	412
377	367
379	433
378	414
375	386
378	434
400	365
405	434
441	388
374	421
377	389
380	364
442	384
403	439
416	422
439	381
404	440
383	384
417	423
383	395
377	435
405	368
381	363
403	364
443	384
376	366
403	363
432	390
376	365
441	391
376	424
373	420
376	434
418	424
376	390
438	380
382	362
395	368
375	433
430	379
372	419
432	391
437	394
419	424
382	434
374	385
373	385
374	432
394	365
389	364
439	379
373	433
438	378
405	435
377	436
420	424
417	409
421	423
372	433
375	411
371	419
376	368
391	405
405	441
402	440
440	378
371	420
372	418
441	379
376	437
431	378
404	363
405	377
375	437
388	364
379	363
375	391
374	438
374	392
373	393
373	438
418	409
383	361
380	362
437	377
378	437
390	363
399	364
372	384
402	441
425	393
442	391
399	435
437	376
372	439
395	364
395	431
375	369
376	364
372	437
398	363
406	440
439	394
371	432
398	434
378	438
413	424
370	431
372	386
394	432
407	372
380	411
417	425
384	360
374	370
442	379
442	382
395	363
407	440
444	385
373	370
440	377
437	375
373	371
436	374
417	420
385	396
435	373
443	380
422	401
379	361
370	430
405	442
383	434
372	440
440	394
444	380
445	386
406	443
371	385
373	391
434	372
446	385
383	359
373	369
405	362
379	438
374	372
384	358
370	420
447	386
369	419
369	418
412	425
421	402
372	392
431	391
397	435
372	441
368	418
378	361
405	366
367	418
394	362
376	420
404	443
403	444
374	368
373	442
437	373
371	440
411	416
391	428
407	442
408	442
375	439
370	429
369	430
378	439
434	371
372	368
409	442
441	394
448	385
371	367
440	395
422	424
403	362
448	387
372	371
439	396
373	443
368	429
396	362
371	387
382	359
372	443
422	403
375	363
410	441
377	360
370	440
372	394
438	372
441	396
423	425
371	444
441	397
391	362
432	377
384	435
384	436
381	358
378	440
371	434
443	378
402	445
404	445
442	395
422	426
367	429
371	366
406	367
366	430
413	384
443	394
423	427
424	425
439	371
370	445
367	428
409	443
444	395
371	372
437	371
440	372
406	361
370	384
417	426
365	430
379	441
372	365
442	398
425	424
445	396
396	361
383	357
407	444
441	376
368	420
406	371
364	430
374	444
433	370
369	417
440	370
401	442
436	370
433	369
377	441
363	430
382	356
369	383
395	433
375	445
442	399
426	423
369	444
369	439
441	369
362	430
373	373
405	360
368	443
373	364
368	438
407	370
446	387
404	359
372	363
396	360
378	359
383	355
405	446
422	422
444	393
369	446
367	439
361	431
366	438
427	424
443	377
443	400
367	444
442	401
366	445
401	446
441	368
383	354
368	382
384	353
406	447
443	402
428	424
449	386
428	423
396	359
444	376
450	386
382	354
366	417
360	432
376	409
389	362
443	403
414	383
391	361
373	445
429	424
368	416
381	353
381	352
374	362
367	381
366	446
383	352
361	433
385	357
366	382
441	367
407	360
375	408
451	385
441	371
405	448
445	384
445	379
359	431
444	403
403	358
368	380
376	446
370	368
365	416
428	422
377	447
384	351
358	432
357	433
380	351
445	404
446	396
448	388
446	379
422	428
379	351
415	384
446	403
442	368
407	359
423	429
384	350
371	391
375	361
378	448
369	369
451	384
408	445
430	425
452	383
383	349
423	430
370	373
447	378
371	374
369	372
364	416
370	366
377	449
379	350
440	366
453	384
385	437
408	360
431	426
363	417
446	402
446	405
446	406
439	365
449	384
378	349
378	352
363	415
447	406
429	426
400	446
445	393
366	440
397	358
429	422
440	364
371	364
385	352
417	419
356	434
403	357
376	450
441	365
355	434
432	427
411	440
408	439
454	385
365	439
399	438
448	405
365	446
369	379
433	428
369	367
404	449
405	450
409	446
455	386
434	427
362	418
441	363
368	369
384	348
430	423
442	364
407	366
385	347
371	362
365	383
451	382
366	447
406	451
367	370
367	415
365	448
366	380
442	371
370	392
378	348
409	359
379	448
386	352
366	370
434	368
413	426
403	356
387	351
404	356
451	381
364	440
370	387
368	366
368	384
365	370
366	449
450	380
441	362
409	358
409	447
357	435
365	450
377	451
451	379
378	452
367	450
404	355
447	395
386	346
443	365
363	439
447	377
443	372
451	387
361	417
357	431
454	387
442	361
370	361
358	436
368	451
409	357
411	442
404	451
378	453
452	380
393	433
377	347
433	429
364	371
456	387
444	375
363	372
362	373
354	433
448	404
360	418
412	440
419	410
448	396
452	378
449	397
369	360
376	346
375	345
357	430
423	404
405	452
457	387
432	430
443	360
367	366
362	414
431	392
374	407
435	367
368	359
374	345
410	448
411	447
385	345
364	451
443	404
417	427
422	431
407	452
449	404
448	407
403	452
447	408
376	452
379	347
404	354
432	431
440	361
379	453
387	345
375	406
453	380
410	356
431	432
364	382
449	389
446	409
361	373
453	377
430	421
444	360
443	369
434	430
364	431
388	344
363	452
389	343
359	437
399	447
390	343
384	345
435	431
444	366
375	451
391	344
392	343
393	343
362	371
454	381
364	445
388	342
458	388
444	368
366	451
454	383
454	376
411	355
391	345
379	454
445	366
363	453
368	358
450	405
412	383
408	356
451	404
367	357
454	375
445	369
359	438
394	342
373	344
455	374
457	386
362	440
412	448
451	406
392	342
360	419
436	432
436	433
445	365
367	356
367	452
437	434
368	355
367	414
456	374
410	449
447	410
353	433
445	359
364	454
413	449
403	354
450	398
452	407
360	374
453	408
435	434
363	413
359	373
439	360
424	403
414	450
436	435
438	364
364	449
366	365
458	385
438	435
362	454
414	451
358	372
412	356
356	429
454	409
438	433
454	407
361	455
405	353
393	341
402	453
412	442
387	341
408	453
411	357
386	340
362	456
377	454
363	412
354	435
366	355
403	448
446	364
457	384
373	343
406	352
455	408
364	384
369	388
372	343
386	339
363	382
458	383
371	344
352	432
446	359
437	365
448	411
456	388
439	432
352	434
380	455
405	351
360	456
423	432
361	414
357	373
355	429
362	457
408	373
351	435
370	343
365	355
356	374
459	388
435	427
440	431
438	361
404	453
363	458
378	446
362	381
350	434
362	374
349	435
447	412
359	375
360	413
447	358
359	414
348	436
369	342
452	403
456	373
359	455
457	375
373	342
375	453
351	432
370	393
369	394
364	354
438	436
385	338
361	441
354	429
381	456
356	375
439	436
376	455
430	433
415	452
460	389
401	453
440	433
455	410
363	355
437	360
384	338
362	355
350	436
459	384
411	354
364	459
362	383
441	430
446	357
441	433
347	435
394	340
436	360
359	457
361	384
460	384
359	458
439	437
363	460
442	432
372	341
456	411
358	414
444	358
458	374
355	374
461	390
415	449
358	458
435	361
409	454
360	385
369	341
346	435
448	357
443	431
459	373
356	376
383	338
359	386
395	339
357	457
444	430
349	433
449	356
392	340
461	383
455	377
449	358
356	458
444	432
369	340
362	461
434	362
404	454
401	454
375	344
411	358
352	431
368	343
354	374
345	434
457	412
363	462
355	457
412	353
414	453
380	457
369	339
461	391
460	374
373	340
356	372
406	350
416	448
358	386
450	355
382	337
445	432
391	339
405	349
353	374
352	375
413	352
459	372
369	338
360	441
370	337
459	371
416	453
394	338
448	359
357	377
358	454
371	336
417	454
344	433
386	337
446	432
455	406
462	391
369	336
354	428
454	373
396	338
394	337
413	351
357	415
359	384
447	413
446	431
417	455
458	411
418	456
368	335
407	349
398	448
352	373
361	356
354	456
397	339
360	357
344	432
410	455
347	437
408	455
438	438
451	354
369	334
368	338
363	448
463	392
361	354
459	412
443	357
357	385
356	416
353	376
432	368
354	377
358	453
374	340
454	411
400	452
460	413
445	356
354	427
417	452
370	333
398	338
362	463
343	434
367	343
414	350
461	374
382	457
448	414
353	455
342	435
452	354
369	332
452	353
446	433
395	336
462	373
453	355
341	434
371	332
366	344
364	463
456	405
442	356
447	433
460	370
394	335
463	390
371	331
396	340
461	414
444	433
345	431
457	404
462	415
368	395
357	387
462	375
341	433
356	388
355	389
438	439
395	334
399	338
400	338
463	416
400	454
413	349
340	433
411	456
404	348
446	355
355	459
365	464
464	391
343	431
340	432
352	454
439	440
416	456
440	440
365	344
441	355
463	372
342	430
341	429
464	371
369	331
355	371
419	455
399	455
364	345
387	336
367	338
464	373
368	333
465	371
360	358
415	349
371	330
366	465
365	466
372	332
367	336
398	456
381	336
340	430
386	335
340	428
354	390
464	393
463	370
442	354
446	354
441	441
360	354
367	466
339	434
462	369
375	339
351	372
464	394
360	353
365	467
466	370
450	353
354	459
467	371
351	374
341	436
359	352
437	440
420	455
464	369
467	369
461	376
387	334
372	330
454	355
350	371
349	371
368	340
415	348
365	343
465	392
399	457
373	330
438	441
436	441
410	457
367	332
345	436
449	352
352	453
444	434
451	352
463	417
353	460
387	333
437	442
433	361
441	353
397	457
350	375
366	337
369	330
382	458
464	418
451	351
465	419
353	389
374	329
379	458
359	357
462	377
431	434
462	418
383	459
465	420
353	461
409	457
364	468
352	462
354	378
340	427
365	469
465	390
443	435
450	350
358	351
417	457
452	350
399	458
421	456
468	369
365	336
466	391
401	337
363	344
354	391
348	370
347	370
368	466
453	349
375	328
469	370
470	369
338	433
351	454
351	461
357	413
348	372
416	347
349	376
383	460
359	350
342	428
447	434
369	329
339	427
432	435
385	334
418	458
415	457
465	417
394	333
363	469
357	378
438	443
471	370
396	458
347	373
388	334
442	442
449	350
341	437
351	463
466	416
348	377
468	372
454	350
383	461
417	346
369	467
467	415
417	447
450	349
358	353
443	443
358	349
472	371
347	377
467	373
452	348
374	327
365	366
337	433
382	460
393	332
336	434
396	456
418	346
412	457
466	421
448	435
467	417
350	454
473	370
347	369
346	438
370	467
446	368
457	406
400	458
350	464
450	348
438	444
439	445
335	434
349	455
349	463
465	368
449	436
334	434
346	378
339	426
455	351
419	458
376	327
442	444
377	328
358	357
464	420
366	470
401	339
395	457
359	420
346	370
462	389
472	369
419	345
400	336
465	422
374	326
474	370
373	326
353	392
466	423
444	444
375	325
445	444
435	359
436	358
440	446
463	378
439	447
412	358
338	425
364	335
368	328
335	435
468	416
373	325
449	348
346	368
394	458
376	324
466	424
377	324
364	470
446	445
467	423
345	377
357	348
468	424
473	372
398	340
453	347
395	332
372	324
419	454
447	444
362	343
376	323
422	457
367	329
450	347
468	422
375	322
405	455
345	367
333	433
347	367
347	439
334	432
469	423
467	392
446	446
475	371
366	330
396	332
438	447
352	392
374	321
371	466
397	332
332	434
364	465
448	445
373	320
350	465
335	436
346	379
394	344
367	327
333	435
423	456
468	368
386	332
468	425
345	380
455	349
374	453
446	447
466	389
430	435
402	337
468	393
361	464
447	443
422	458
440	353
470	424
388	332
424	455
403	336
348	454
349	465
420	344
476	370
450	346
347	453
379	459
362	470
344	366
421	343
403	335
446	366
332	436
365	334
349	466
365	330
356	347
458	370
456	352
447	447
468	367
346	453
467	390
414	347
348	463
347	452
449	446
423	459
424	460
331	433
448	448
455	356
470	425
331	437
355	415
469	367
378	458
330	434
329	434
467	414
345	453
344	381
347	455
336	437
467	413
477	370
364	337
476	372
347	463
333	431
457	351
411	458
478	369
355	346
421	342
344	452
447	430
329	433
328	434
468	412
344	376
469	411
467	426
397	459
468	427
469	428
457	353
328	432
398	331
367	470
344	382
354	345
440	448
343	367
361	342
398	330
368	471
368	472
404	334
348	467
425	454
367	326
327	435
343	453
383	462
343	454
366	325
450	447
353	344
343	365
374	319
355	417
367	473
330	437
426	455
415	346
447	436
471	372
326	434
346	463
479	368
345	464
354	388
372	319
326	436
365	324
475	373
344	465
456	348
474	374
458	351
456	347
436	443
378	323
349	468
421	459
375	318
422	342
344	466
342	452
447	353
469	393
456	346
475	375
332	438
352	343
376	317
377	316
471	426
341	452
375	316
470	393
361	470
424	461
325	433
364	323
378	316
473	368
424	458
330	432
360	471
474	376
450	436
356	349
446	352
369	473
451	435
448	437
340	451
399	329
342	367
470	429
379	315
344	383
324	432
341	368
477	368
405	335
412	459
451	345
420	460
416	345
345	384
471	423
423	341
366	323
323	433
344	463
343	380
357	389
340	369
363	322
475	377
364	321
342	454
424	462
459	352
344	467
378	327
371	323
327	437
380	314
345	468
333	439
362	471
322	432
452	434
376	315
359	470
351	342
365	320
321	433
423	340
326	438
470	411
372	467
374	316
321	431
339	424
480	369
422	339
432	436
396	460
423	463
320	434
400	328
451	446
448	348
476	378
447	449
464	395
321	435
468	429
319	434
439	449
320	430
472	426
459	350
452	344
319	429
477	373
467	429
460	350
477	377
362	322
381	313
330	438
375	314
473	427
363	472
452	447
369	474
474	426
343	455
350	469
364	325
478	378
380	312
340	453
361	323
440	352
339	453
448	442
318	435
460	353
374	313
369	475
384	460
446	450
373	316
457	345
365	462
401	327
479	367
364	319
382	312
481	370
439	352
471	394
383	311
468	394
382	310
379	327
457	344
383	309
317	436
402	326
481	368
373	312
410	459
426	456
370	476
351	468
403	327
447	451
341	366
422	338
482	367
394	459
338	454
319	428
359	359
450	344
345	451
318	437
360	323
404	337
470	373
400	326
478	376
343	375
357	356
372	312
382	463
317	438
379	311
384	312
345	365
473	367
361	321
344	469
474	428
320	427
371	475
316	438
472	422
420	461
383	308
451	437
343	383
481	366
373	466
372	476
317	439
416	344
360	472
317	434
338	455
384	307
457	369
470	412
475	426
458	404
385	306
389	332
361	320
424	339
395	461
343	465
478	366
470	374
319	426
373	311
473	429
359	324
385	311
471	430
363	335
386	305
439	450
472	366
467	388
320	425
342	375
450	343
384	463
479	379
390	404
360	473
358	325
371	313
395	462
361	319
340	366
315	439
370	314
453	446
339	450
448	452
316	440
475	429
456	356
451	448
482	365
350	343
362	473
456	343
386	311
359	322
476	426
355	344
477	425
369	315
376	313
352	390
454	447
455	447
482	370
417	459
457	342
471	413
483	364
424	464
350	470
374	466
339	366
375	467
476	430
369	313
450	342
396	463
368	476
318	426
360	318
465	396
387	304
359	317
388	303
316	434
440	451
342	379
368	313
337	456
367	312
471	410
343	470
452	436
454	445
314	440
319	424
366	311
369	477
348	366
467	366
353	342
425	458
368	478
318	429
461	349
351	341
386	312
342	470
358	471
373	477
470	431
422	464
365	310
477	365
410	460
480	378
338	457
461	351
389	304
388	302
477	429
455	444
388	301
467	387
371	311
372	310
372	474
449	453
366	313
343	471
389	300
417	460
478	428
449	451
317	425
471	392
318	423
475	431
467	411
462	350
319	422
366	309
358	321
462	348
481	364
362	336
373	473
316	426
479	428
475	379
458	342
374	478
366	308
484	363
339	368
456	445
422	337
461	354
349	343
427	454
463	347
313	441
388	299
404	327
366	307
338	366
357	320
390	304
365	306
403	325
348	344
422	336
477	431
457	445
425	339
390	299
387	298
358	318
458	446
338	365
424	338
357	317
464	346
361	474
380	326
390	298
464	348
375	478
445	451
338	451
480	380
481	381
317	422
341	471
465	349
478	426
337	365
374	479
363	474
387	297
386	296
373	480
471	432
365	305
472	394
386	299
483	367
364	475
312	442
344	472
364	304
363	303
449	454
337	424
456	448
373	309
416	461
453	435
425	465
340	471
351	471
441	452
428	455
343	473
404	324
375	468
375	480
311	441
350	340
458	341
391	297
316	421
408	458
474	432
347	344
349	339
356	317
458	346
372	481
344	474
356	412
476	364
449	455
470	433
466	348
396	464
483	371
357	326
343	463
385	300
450	455
459	446
477	363
392	298
317	441
337	432
482	381
337	451
473	421
451	455
385	295
340	470
482	382
386	294
310	440
476	362
484	372
478	431
342	384
467	348
351	339
485	363
486	362
362	303
342	463
444	452
315	437
343	475
342	473
373	482
315	425
483	373
391	296
314	424
316	442
479	425
474	421
371	482
479	430
452	456
451	457
339	472
460	447
341	464
376	481
313	425
487	361
468	347
471	409
311	443
309	439
356	316
341	462
361	302
321	424
355	315
392	296
393	295
311	444
488	362
480	431
389	302
481	431
384	300
348	339
483	383
481	363
489	363
364	307
374	483
481	379
354	315
340	461
371	483
462	355
394	296
452	458
405	333
480	432
472	433
472	392
394	294
370	484
308	440
336	366
451	459
338	472
439	452
401	458
461	447
451	341
415	462
479	433
307	441
469	346
480	434
346	345
459	340
315	443
344	476
307	442
341	379
311	439
383	299
337	472
340	465
490	363
398	460
336	423
488	360
481	434
308	438
485	371
356	321
314	426
336	473
339	370
335	472
406	336
322	423
377	482
481	377
445	453
469	348
395	297
343	477
484	383
482	432
453	459
413	355
315	421
337	364
367	479
345	476
361	475
399	325
454	458
480	428
467	430
372	308
345	345
491	362
361	304
460	339
354	314
395	295
470	345
485	373
341	374
466	412
346	476
452	340
335	365
483	432
482	435
464	345
484	431
468	345
393	293
382	300
336	367
360	304
455	449
395	293
364	302
347	339
364	301
311	445
376	477
393	292
381	299
405	328
396	296
356	327
392	291
455	459
425	337
421	335
472	395
492	363
393	290
463	354
336	457
347	477
307	443
314	420
307	437
306	442
426	340
456	459
472	409
471	346
305	441
485	430
462	448
483	384
472	345
394	290
348	478
387	293
335	458
313	420
316	444
480	435
487	359
380	299
306	436
414	463
457	459
461	338
317	420
338	473
396	298
484	433
307	435
485	374
396	292
335	459
461	446
489	359
493	364
486	375
494	365
458	459
477	361
481	428
344	345
494	363
473	346
394	289
459	458
395	289
335	474
450	459
422	465
365	300
460	459
304	440
485	432
334	460
429	455
334	475
307	444
494	366
356	314
386	292
423	335
495	362
335	476
307	445
480	425
442	453
340	375
334	477
486	433
353	315
487	434
352	316
335	478
487	376
306	446
373	484
360	301
387	306
496	363
377	477
478	360
333	459
351	317
451	339
457	460
473	408
356	313
350	316
343	344
488	435
336	422
495	367
486	358
487	432
359	300
487	431
338	371
421	466
488	375
456	461
472	412
360	299
349	315
413	464
457	462
397	291
306	447
335	479
385	291
456	463
472	365
463	449
336	363
385	290
395	465
420	466
489	375
378	478
353	313
336	480
464	449
466	426
497	364
347	479
346	340
481	424
461	337
348	314
462	339
445	351
343	346
333	475
341	384
340	379
475	421
347	313
463	450
366	299
346	480
397	298
332	475
313	427
394	288
488	431
384	292
358	300
352	312
345	339
317	444
388	292
304	442
477	424
305	435
482	385
449	459
303	439
426	466
389	291
449	343
405	323
485	384
400	324
461	336
304	435
337	421
312	421
351	318
331	476
355	320
400	459
395	287
486	385
386	289
359	298
465	448
398	290
404	322
312	424
344	338
419	467
487	386
303	434
498	363
486	371
427	467
472	407
345	337
302	435
331	439
488	387
306	448
357	472
335	424
394	465
332	474
350	338
452	338
455	464
339	380
333	478
332	478
332	460
301	436
457	464
359	305
331	478
305	446
441	454
384	289
334	366
490	358
379	478
336	481
317	428
398	299
331	473
393	466
336	452
427	339
378	483
455	465
311	425
345	481
352	311
427	468
412	465
494	361
428	467
483	435
335	471
351	310
304	433
489	434
304	447
489	388
303	432
424	334
335	362
336	482
312	419
393	287
428	469
372	485
351	309
360	297
457	465
495	360
399	290
400	289
490	435
400	291
474	347
311	421
357	299
301	437
312	418
461	458
462	458
453	337
355	327
496	368
395	286
386	288
497	369
498	369
486	383
486	387
358	297
403	321
348	480
367	299
331	472
380	477
335	483
335	484
462	336
463	335
383	288
379	484
380	484
365	314
425	333
498	370
334	485
490	388
334	362
330	479
346	364
337	372
399	298
456	466
381	484
381	485
491	357
491	388
450	460
300	438
378	310
458	463
330	477
421	334
334	482
382	483
310	424
311	417
377	484
352	308
305	449
336	485
346	482
396	294
407	459
336	371
383	484
382	289
305	432
464	334
299	439
457	467
464	333
392	289
310	418
373	307
305	450
395	285
470	434
489	386
448	460
306	451
304	451
426	332
350	311
490	356
383	485
313	418
427	331
302	432
395	299
337	420
492	389
302	431
343	337
395	284
382	287
399	300
393	467
456	443
455	467
335	486
387	287
336	487
473	344
396	283
450	461
401	288
335	488
336	489
475	347
499	371
305	452
349	481
465	332
334	489
334	490
369	483
457	468
361	298
372	486
487	430
381	286
303	451
346	483
492	387
302	452
500	371
304	453
493	386
315	445
499	372
358	296
309	423
301	451
335	368
456	469
495	359
494	385
402	287
347	364
384	486
497	371
318	419
304	454
403	286
337	484
420	333
300	451
473	396
464	331
401	291
303	430
498	362
309	417
393	286
429	467
406	460
329	477
346	313
465	335
420	468
335	491
387	286
318	444
387	285
404	286
489	431
466	336
491	435
381	290
308	417
472	434
342	343
493	388
466	337
333	484
426	336
333	491
499	368
360	296
482	436
350	308
345	312
345	363
425	467
455	470
332	490
454	471
481	437
463	331
493	390
356	300
396	466
307	418
298	438
337	486
487	436
333	362
458	461
495	386
299	450
307	416
306	415
453	472
499	364
298	449
458	468
298	437
358	305
459	468
332	484
332	492
496	385
297	439
491	355
454	336
342	336
485	357
400	301
488	437
438	453
307	451
496	358
500	368
384	483
457	470
298	451
452	472
354	393
318	445
332	361
331	460
430	468
411	466
379	300
499	362
330	471
397	283
490	431
451	337
351	307
296	439
454	473
333	365
482	423
379	485
297	451
463	330
466	449
329	480
397	467
460	467
490	354
492	436
384	487
462	451
466	333
497	357
476	432
501	369
388	284
489	353
349	307
332	493
380	285
488	352
301	434
498	358
299	452
488	438
297	448
496	387
336	491
494	391
454	474
379	284
332	494
419	332
495	392
372	487
378	285
305	414
308	452
361	296
467	336
431	468
336	492
343	335
368	484
333	495
405	321
296	450
354	327
357	295
487	439
348	308
338	381
491	353
304	413
475	420
335	372
427	333
387	283
331	495
295	440
468	335
420	469
337	493
487	440
500	364
489	351
331	496
295	438
419	470
402	289
489	438
458	471
353	326
324	431
296	452
331	497
344	311
501	363
450	336
501	367
385	482
331	484
491	430
337	494
383	488
501	372
389	283
341	344
303	414
469	334
347	308
502	369
338	495
339	494
330	496
302	413
384	489
341	342
308	424
301	412
500	373
360	476
498	356
328	480
478	434
343	310
295	449
489	350
300	411
496	391
448	342
490	439
300	433
468	337
330	483
499	355
377	284
493	435
403	285
500	356
299	411
332	363
346	307
331	360
498	354
500	354
431	469
476	348
385	488
470	333
294	441
399	302
461	467
483	424
502	367
503	366
502	373
406	327
477	349
492	429
383	490
356	296
301	410
376	283
420	471
496	393
454	475
493	430
491	432
478	349
491	440
330	498
375	283
501	355
353	426
465	330
356	294
483	422
294	437
374	282
404	284
295	453
494	430
382	285
397	464
378	300
490	349
503	372
405	284
373	281
346	484
372	488
390	284
358	294
485	429
406	283
484	425
389	282
496	394
482	421
482	420
355	296
329	497
354	295
491	441
341	337
375	281
501	353
407	284
353	295
504	373
504	367
367	485
366	486
428	330
338	379
299	412
395	282
296	447
355	300
420	331
293	437
386	282
407	282
405	282
343	385
497	395
495	395
373	489
295	436
498	394
367	487
329	471
453	476
372	280
492	433
385	281
505	372
454	477
499	395
330	361
342	347
452	477
331	364
477	435
406	281
495	431
352	295
386	280
496	384
492	442
387	279
344	313
351	296
373	490
394	281
406	321
331	489
337	362
405	280
300	409
406	279
340	337
328	498
330	359
350	297
295	446
355	293
388	278
390	281
457	472
299	408
501	352
408	283
401	300
351	391
418	470
302	415
455	476
294	452
382	490
405	278
407	279
349	337
330	499
404	277
493	437
420	472
492	352
351	319
293	451
340	342
463	457
319	418
431	470
500	351
300	407
371	281
349	296
329	470
496	430
481	419
328	477
500	396
455	478
292	450
427	329
464	458
430	471
501	395
292	436
383	491
332	498
340	494
502	394
467	332
497	431
389	277
292	452
502	393
302	429
350	480
384	481
340	345
456	477
454	479
498	430
376	485
385	279
337	382
345	306
339	341
465	457
327	498
421	473
503	394
501	357
370	280
310	416
384	492
493	442
293	442
291	451
326	499
376	280
504	394
386	481
344	306
494	437
384	280
298	411
499	350
454	480
420	474
456	473
462	468
382	492
387	480
296	454
291	436
299	406
452	475
290	451
407	322
448	456
505	374
405	286
327	476
454	481
389	276
330	460
333	499
502	358
342	334
297	455
289	452
493	433
431	472
301	408
327	500
291	435
453	335
502	354
383	279
292	441
492	443
343	307
327	501
298	405
371	488
359	294
288	453
453	481
311	446
385	492
463	469
297	404
494	443
432	469
339	337
332	366
398	282
338	337
328	502
302	407
293	435
290	436
502	396
503	397
409	284
342	307
326	476
428	340
491	348
385	493
410	285
505	395
474	343
489	440
338	342
505	393
388	276
455	336
287	454
506	395
388	480
341	333
501	350
348	297
291	442
296	403
303	406
341	332
389	481
503	398
341	307
369	279
347	296
347	298
341	495
336	383
337	338
504	399
291	453
326	497
497	388
293	434
495	444
289	437
493	351
506	392
340	308
409	282
499	431
427	328
382	493
295	404
417	471
343	314
294	405
439	351
496	443
369	278
292	433
496	445
326	502
288	438
340	496
304	405
367	488
496	446
499	397
329	459
500	430
497	444
463	470
464	468
498	445
339	309
328	458
372	282
503	353
340	306
497	447
504	352
458	473
330	365
503	358
339	497
325	503
374	491
477	347
369	277
498	448
289	435
324	504
351	294
499	444
368	276
339	305
374	280
375	490
502	349
287	455
405	276
332	500
333	501
432	473
345	305
505	368
454	482
382	494
334	502
290	443
388	275
374	492
325	500
419	474
491	347
504	365
466	329
492	349
463	471
326	504
298	408
323	505
492	428
286	456
406	276
366	489
505	353
388	274
298	413
338	309
506	371
478	346
329	358
473	406
502	399
303	454
497	449
455	483
451	335
454	484
338	306
500	445
346	296
337	310
322	506
408	278
328	359
505	400
324	506
289	442
345	295
347	485
453	484
304	455
501	446
355	292
451	334
287	457
287	439
431	474
337	378
407	275
336	309
397	330
367	275
342	494
369	275
376	469
491	444
381	495
408	274
325	475
451	473
503	348
497	450
399	461
335	502
466	457
302	455
350	293
450	334
499	449
382	278
383	277
286	438
507	372
506	367
453	334
505	364
504	347
497	451
343	495
336	337
339	304
331	461
488	429
382	496
471	332
294	406
386	489
498	349
408	323
408	273
390	275
506	352
409	273
294	403
507	395
327	360
324	474
457	478
327	479
502	446
321	507
285	437
293	402
464	472
419	330
292	402
490	346
366	276
346	298
288	455
501	400
399	281
450	474
337	307
498	451
335	308
418	475
370	275
315	446
506	351
291	432
365	490
338	303
292	401
285	439
324	499
497	429
285	455
503	445
503	447
508	395
329	362
373	493
329	483
354	291
303	456
504	447
326	361
323	498
451	333
344	294
328	483
507	351
456	483
336	501
406	274
410	281
325	361
320	508
387	273
387	272
509	395
324	361
337	302
508	371
336	301
410	272
457	484
321	509
505	447
353	290
509	371
405	273
465	473
417	476
320	510
466	473
389	482
332	502
404	272
324	507
291	402
463	329
467	473
510	394
457	476
342	315
506	375
468	473
508	373
323	361
438	351
319	511
452	484
499	451
334	309
366	274
504	401
344	293
326	479
285	436
469	472
374	494
344	296
505	391
299	432
341	497
507	367
284	440
343	295
322	362
470	471
284	435
335	503
321	362
411	282
290	402
339	498
337	419
510	370
385	485
416	470
325	508
337	300
415	469
400	303
502	444
326	507
463	328
292	454
381	497
335	301
504	448
322	497
376	279
492	346
380	498
288	457
387	271
500	452
466	474
320	512
433	473
324	476
343	292
387	490
430	475
337	361
323	473
452	332
293	407
388	270
290	403
503	449
382	498
465	475
291	400
319	508
338	499
284	456
508	350
343	291
504	390
369	281
289	401
324	502
503	402
421	475
503	359
509	349
286	435
497	452
511	393
503	346
387	269
416	476
366	273
289	403
512	392
471	470
292	399
321	512
411	280
501	430
505	449
428	327
318	507
383	499
409	278
510	350
379	499
292	406
296	456
337	343
403	277
506	400
409	271
322	360
317	506
503	443
289	444
334	307
342	290
511	349
512	394
341	291
293	432
290	432
333	309
341	289
502	429
502	347
455	485
288	402
496	453
457	482
326	359
316	505
287	458
335	337
300	405
501	453
367	272
336	504
386	268
403	271
327	508
286	459
283	455
462	327
288	459
332	309
403	270
398	468
411	286
496	454
339	500
334	300
506	364
429	331
352	289
503	430
368	273
318	509
335	299
349	292
336	343
458	485
511	351
292	398
496	455
367	271
493	345
505	450
368	279
385	267
502	454
331	491
391	274
318	512
340	291
285	460
506	447
494	344
411	271
462	326
504	403
461	325
334	306
412	272
379	500
317	513
417	477
321	513
334	298
495	452
333	299
343	297
384	266
351	288
291	407
365	272
418	478
315	504
460	324
289	431
412	270
284	460
472	332
335	342
430	330
404	270
351	287
506	451
383	266
473	333
288	445
412	281
410	270
339	292
431	330
283	457
402	301
290	408
495	437
454	486
316	514
342	311
315	514
507	452
507	391
320	361
494	445
507	363
290	404
288	430
364	272
314	515
287	403
313	516
350	286
508	390
334	310
312	516
410	269
459	484
330	488
508	452
312	517
413	280
344	494
495	456
512	395
288	400
432	330
509	451
289	408
352	286
325	358
363	272
311	515
283	461
382	265
392	468
313	518
337	505
407	320
458	486
509	396
458	487
312	519
403	269
453	487
311	520
310	521
452	331
314	503
331	310
507	453
288	399
510	450
363	271
413	269
494	456
380	501
283	441
316	507
413	273
506	454
422	475
385	265
334	297
474	334
283	434
503	404
303	404
322	514
321	515
511	371
513	393
470	331
413	279
413	282
362	273
414	269
452	486
333	296
285	454
423	476
451	487
290	430
311	514
355	393
507	362
513	391
320	516
450	488
500	374
378	499
334	369
338	291
381	264
386	264
284	462
288	409
368	270
286	404
507	401
385	263
313	520
503	405
414	279
513	396
384	262
314	447
346	486
310	514
409	268
502	345
502	404
383	500
415	280
501	431
452	488
501	428
322	516
383	261
313	502
452	330
328	509
384	501
310	522
352	285
383	502
293	397
416	280
386	270
334	336
312	501
323	477
507	402
287	452
333	311
323	513
453	489
282	433
417	281
320	363
408	267
340	493
512	352
513	351
434	473
458	478
368	269
407	266
367	268
508	362
511	449
429	476
388	489
512	348
335	302
332	300
514	393
319	362
284	438
512	450
309	522
313	521
407	265
509	373
308	522
417	279
344	335
307	523
428	477
318	363
408	264
362	270
418	278
449	487
311	500
489	345
457	488
507	455
513	450
509	363
513	353
309	523
514	397
372	494
287	408
513	347
365	276
349	285
383	503
514	346
366	267
474	342
493	343
512	372
492	342
366	277
282	441
283	439
515	347
451	483
513	345
514	350
310	501
282	460
367	266
428	478
309	524
337	506
306	523
384	504
336	507
332	308
337	290
282	442
286	408
332	295
310	525
514	352
475	343
451	329
385	501
353	284
406	264
336	289
448	486
285	408
402	269
310	502
368	265
284	463
322	359
456	488
410	287
309	526
450	489
415	269
383	505
513	398
284	464
493	341
329	364
285	465
451	490
319	517
410	288
282	462
513	372
335	508
514	373
515	353
459	486
504	431
384	260
505	432
321	517
319	446
309	501
401	269
334	371
460	486
504	433
365	266
412	268
289	429
335	288
284	408
515	351
333	337
309	515
457	489
335	382
323	516
472	470
285	453
299	414
308	502
499	348
283	407
380	263
405	263
314	522
305	524
308	514
317	362
514	390
460	483
331	294
414	268
284	442
282	408
514	389
506	433
293	396
281	443
307	501
324	516
512	448
473	335
474	409
430	332
282	406
504	406
385	504
514	344
508	456
286	451
407	319
404	262
369	264
345	494
494	340
287	398
488	344
389	490
306	502
282	432
461	484
515	343
406	262
281	408
334	289
364	275
304	523
505	454
288	397
407	261
316	362
385	260
516	350
409	264
281	462
515	390
426	327
333	306
515	388
307	513
315	523
370	264
280	407
426	326
415	267
408	260
379	262
285	450
515	372
390	489
354	283
510	452
395	280
516	342
361	269
280	443
320	360
325	479
466	458
416	266
517	342
316	363
330	295
287	396
382	506
325	517
403	289
308	527
385	500
324	497
371	495
306	503
518	343
403	300
419	277
514	451
307	528
360	268
494	451
377	499
361	274
284	466
282	409
368	263
286	397
359	267
310	527
383	259
331	296
512	399
304	403
515	452
281	434
336	509
306	512
451	328
385	259
515	396
467	328
386	258
306	529
378	261
468	327
420	278
332	312
502	455
493	339
332	305
326	516
516	348
360	270
286	395
507	457
513	448
384	506
361	267
280	435
338	289
450	329
330	311
386	260
513	452
463	325
408	259
512	400
469	474
461	482
419	334
508	348
385	257
506	458
384	494
494	429
516	397
348	285
462	481
329	295
359	266
419	276
305	530
515	374
336	287
358	265
280	461
334	342
315	506
337	510
461	323
357	266
417	265
330	293
304	531
514	399
510	362
461	322
279	436
519	342
516	387
515	341
361	266
393	469
508	401
501	405
520	343
516	352
327	517
505	459
311	528
516	340
324	357
278	437
289	428
507	433
495	339
517	398
464	324
521	344
329	310
347	285
516	373
385	507
306	531
307	511
345	495
516	452
336	511
285	467
400	268
339	501
449	490
518	397
503	456
409	260
382	258
405	261
286	394
359	264
462	321
379	502
517	388
518	389
302	457
285	403
471	472
517	339
391	490
330	297
277	438
315	363
305	511
514	453
335	286
305	532
458	490
330	292
338	510
360	263
303	531
304	533
304	511
500	406
465	324
518	338
284	468
414	283
337	512
306	533
385	508
276	438
329	298
356	267
450	327
517	451
420	276
281	431
371	263
410	259
387	257
447	343
519	396
312	529
302	532
302	533
508	432
521	345
407	258
342	497
512	354
356	265
459	479
410	465
418	264
303	523
414	266
377	260
325	356
520	341
509	457
312	530
279	460
404	301
521	342
288	395
316	364
300	404
328	299
326	355
505	460
405	260
301	532
472	473
419	263
473	470
369	262
519	388
505	407
335	512
416	478
506	460
386	506
302	530
518	451
358	263
306	534
384	256
418	280
461	320
307	526
276	437
386	509
520	395
466	325
510	458
357	262
280	430
279	406
327	354
314	501
343	498
420	264
336	513
408	257
420	279
294	397
278	459
281	441
288	427
338	506
522	341
496	338
316	524
520	397
513	401
519	451
409	256
463	481
371	262
497	456
406	329
300	533
460	321
459	325
421	279
281	429
326	518
458	491
307	535
509	455
519	337
285	394
279	431
372	496
518	336
305	504
521	398
515	454
411	258
304	534
496	337
356	262
383	256
316	365
287	393
519	335
459	492
471	330
303	510
279	429
311	531
385	510
507	361
328	294
329	291
287	427
392	491
303	522
418	479
328	291
327	300
507	460
406	257
419	262
357	261
355	261
517	399
384	511
387	263
355	266
391	488
516	455
340	331
334	285
384	512
504	460
520	450
523	342
457	492
288	392
469	475
470	476
460	493
448	491
333	369
511	459
521	394
521	451
523	340
509	431
472	474
492	339
277	460
379	503
421	265
302	523
275	438
522	452
307	536
390	481
386	511
376	500
301	529
286	392
355	260
276	459
388	256
359	262
338	288
338	383
524	343
521	449
523	453
368	261
330	312
367	260
307	537
284	393
522	399
520	334
462	485
507	403
338	512
326	300
304	509
322	518
288	391
506	461
328	290
326	301
305	505
328	309
278	406
510	430
501	407
300	530
313	529
355	259
525	342
506	376
404	260
380	504
522	448
346	496
321	519
327	298
456	493
301	524
510	364
387	505
285	469
463	486
449	492
365	488
469	477
523	399
283	394
517	336
501	408
410	255
514	401
314	528
354	262
354	258
464	480
314	362
327	291
516	456
327	289
422	265
468	478
385	513
354	257
464	482
522	397
329	313
279	428
326	289
517	457
314	530
277	461
353	259
522	447
524	452
334	284
474	470
409	254
299	530
418	282
521	334
495	336
408	253
457	494
283	410
491	338
358	260
286	470
524	454
298	529
297	530
284	470
475	469
315	365
484	423
472	475
521	335
408	252
288	390
383	513
469	326
522	400
314	365
275	458
518	458
382	514
389	255
519	333
427	325
313	531
407	251
390	254
523	448
451	491
322	476
497	339
409	251
520	387
277	406
327	295
476	470
447	492
522	333
516	335
333	284
381	515
321	364
381	516
412	257
287	389
306	536
321	477
335	283
352	258
430	477
288	388
308	538
303	535
493	450
296	529
284	402
519	459
304	536
526	342
375	501
518	332
351	259
313	532
527	343
507	462
522	335
524	448
412	256
463	320
494	457
326	296
275	457
280	427
286	389
380	517
382	255
522	446
374	502
274	439
515	402
391	253
280	405
274	459
511	362
276	405
297	531
322	478
355	256
304	537
379	516
525	447
296	532
421	266
339	512
277	404
286	471
452	492
309	539
523	401
457	495
458	496
325	496
283	469
381	254
516	354
382	253
315	529
381	252
523	334
328	518
448	493
295	533
313	362
430	478
505	462
277	462
275	456
295	528
366	261
278	407
326	288
276	407
307	500
380	251
524	402
408	250
273	459
475	335
325	302
316	529
304	538
382	517
324	355
275	408
367	259
460	319
459	497
285	388
305	404
312	361
273	438
370	261
524	335
409	249
303	512
379	250
329	519
302	509
429	340
408	248
339	513
317	528
526	341
528	342
527	344
527	340
524	398
511	431
417	283
310	539
521	446
470	478
356	255
274	408
519	331
332	285
504	463
529	341
526	339
356	254
331	284
370	496
512	431
410	251
407	247
526	447
497	336
364	489
282	428
518	460
530	342
276	409
472	329
272	439
373	503
506	360
471	478
518	461
531	341
496	335
423	264
387	510
380	518
322	472
344	499
357	253
294	527
287	387
274	456
469	479
311	539
388	509
287	469
525	399
271	438
389	510
379	249
472	479
474	332
387	512
517	462
380	248
520	330
508	463
412	287
512	362
270	439
518	330
500	409
350	258
353	263
306	538
286	472
532	341
312	540
525	336
366	258
311	360
306	500
334	282
411	251
330	283
334	335
350	260
526	335
284	388
456	496
524	455
379	247
458	498
532	340
388	504
345	498
472	480
304	503
527	448
275	405
503	464
312	541
287	386
271	440
329	314
463	487
460	318
378	248
424	265
522	402
269	438
418	261
418	284
275	410
318	529
293	528
378	246
523	403
509	429
522	404
422	279
312	538
326	294
332	283
389	511
293	526
288	386
310	359
390	512
422	263
284	387
317	525
389	504
525	397
358	253
407	246
277	403
311	542
289	385
459	499
332	338
410	248
379	245
300	524
309	360
325	289
303	539
318	530
408	245
284	411
302	536
355	253
318	524
524	404
381	247
457	499
467	324
459	500
302	539
276	463
405	300
282	393
533	341
294	525
282	469
303	503
403	260
525	402
456	500
273	437
355	252
526	401
406	245
459	317
325	287
328	315
324	287
471	435
378	517
324	354
324	289
422	262
527	449
520	346
273	460
517	374
512	344
379	519
528	449
283	387
370	497
409	244
423	261
410	243
460	501
405	244
272	441
333	281
356	251
313	539
460	497
312	543
287	385
378	520
508	464
429	326
294	524
328	312
534	340
527	345
382	246
292	529
369	498
291	530
359	252
324	353
535	339
378	244
525	456
413	257
377	243
313	544
459	316
502	464
287	473
407	249
528	447
460	502
327	316
275	464
280	426
412	252
420	261
301	508
301	539
282	386
490	337
525	405
381	519
349	257
460	503
325	290
287	384
527	401
292	525
393	470
526	457
303	540
360	275
519	462
421	275
485	356
527	334
535	341
377	521
358	251
348	256
290	384
288	474
411	289
456	498
326	315
520	463
506	407
413	251
277	464
491	336
376	244
527	458
382	519
423	260
341	288
349	261
459	319
355	250
414	252
273	407
339	514
290	529
290	528
494	335
333	342
268	438
313	545
330	520
314	543
335	281
272	408
354	250
271	407
461	498
324	286
460	315
353	249
529	447
276	402
447	494
513	361
517	355
310	499
281	386
314	546
424	261
275	401
359	250
322	520
406	243
382	245
289	530
325	299
267	438
423	259
520	464
344	500
272	406
461	502
266	439
332	336
392	252
274	465
312	545
509	463
353	248
269	437
352	250
304	506
268	436
273	442
528	400
319	530
383	520
281	392
275	411
425	265
530	446
534	338
331	520
455	500
523	332
461	314
526	333
407	242
376	245
528	459
521	329
465	483
288	531
321	521
423	278
333	334
275	412
314	538
523	331
526	332
531	445
460	313
532	444
315	543
406	241
529	460
280	386
528	345
536	342
354	267
300	540
273	461
426	266
427	478
516	403
462	503
532	446
536	338
530	444
347	257
525	406
413	255
423	280
353	247
513	431
427	267
274	410
533	443
323	352
528	461
383	516
533	447
534	442
287	532
287	533
318	527
387	513
463	502
529	458
308	360
287	530
273	466
383	244
339	515
527	332
529	462
535	441
415	253
534	444
289	532
315	547
274	443
272	458
426	324
537	343
286	384
450	326
291	524
273	464
354	246
303	505
272	465
347	255
279	387
535	444
529	400
286	474
534	447
515	335
530	462
332	333
325	294
309	358
517	375
390	503
382	243
454	501
314	548
471	481
265	440
405	240
468	324
351	250
510	463
303	541
424	259
310	357
307	359
384	245
411	247
533	337
526	407
528	463
358	249
412	247
538	344
428	268
379	243
287	534
294	533
323	290
335	514
529	346
353	245
291	523
429	268
323	287
350	249
463	504
315	537
272	467
530	463
332	332
414	250
462	498
325	285
459	504
531	461
352	244
473	480
331	521
351	243
527	331
517	404
508	465
264	441
410	242
351	242
299	540
279	385
265	442
515	334
313	549
453	501
322	286
375	244
521	386
264	443
415	250
335	280
411	242
286	532
321	285
413	248
320	284
528	331
464	321
391	504
433	329
536	445
270	408
319	283
530	399
320	286
539	343
532	460
465	320
352	241
331	339
459	502
287	535
463	497
340	516
264	439
529	332
536	440
416	249
514	334
527	330
529	330
306	358
327	312
315	549
321	283
263	441
332	522
285	475
274	402
352	240
269	408
263	438
509	466
276	400
490	335
324	284
530	347
430	267
353	240
305	499
406	239
262	437
350	242
430	266
469	323
308	499
425	261
271	468
334	279
354	239
533	441
269	435
540	342
325	303
426	260
291	383
302	542
316	542
529	348
417	248
531	400
264	444
319	287
519	465
446	493
528	464
281	470
530	329
458	505
315	550
262	440
378	522
391	513
308	540
418	247
531	329
314	551
280	392
537	446
457	506
464	503
376	522
312	363
387	514
350	251
315	552
376	242
293	534
355	238
349	249
268	409
527	407
270	469
426	262
412	241
359	270
456	507
313	552
286	529
457	508
521	405
535	448
315	366
323	291
384	519
415	476
532	328
501	464
316	538
497	457
285	528
385	519
278	384
286	536
379	523
271	405
263	444
458	507
424	278
339	509
346	258
316	553
286	476
430	479
275	399
309	356
326	312
267	410
473	330
417	246
489	334
285	533
518	376
493	458
375	242
284	532
285	383
302	513
318	284
298	539
324	294
374	243
312	551
538	447
266	411
284	528
352	239
523	330
291	522
413	240
517	329
497	334
522	387
535	439
383	242
379	524
516	328
457	509
349	248
376	241
283	527
272	460
316	554
356	238
514	430
285	537
283	531
291	382
538	445
390	509
380	525
384	241
325	316
315	554
522	393
532	448
284	534
309	355
317	552
460	491
435	474
290	521
285	538
473	476
533	327
392	514
515	328
348	247
278	387
284	537
419	248
391	492
261	438
414	241
333	279
541	341
447	495
346	254
380	526
378	525
533	460
282	532
393	514
322	351
312	553
325	317
540	344
311	552
261	441
507	408
465	502
528	408
321	282
474	479
459	312
356	237
458	311
353	238
465	504
271	464
277	384
261	436
542	342
456	510
262	445
539	447
317	555
531	327
277	383
530	326
518	373
262	435
345	254
528	465
318	282
532	330
534	459
317	284
325	311
313	554
392	503
347	246
300	541
335	278
316	284
406	252
537	440
533	326
543	341
312	555
518	405
524	329
274	399
530	464
308	354
461	312
405	238
284	539
455	511
530	349
269	470
322	292
529	466
333	331
394	515
333	278
383	240
285	540
529	409
538	440
534	336
419	284
520	328
530	410
315	283
268	470
284	526
292	535
526	398
530	467
384	239
283	540
526	404
331	305
395	515
340	508
282	541
316	556
531	350
420	248
511	429
530	468
314	283
466	505
528	349
289	520
348	249
291	536
474	477
411	240
349	242
375	523
431	268
285	477
289	522
532	440
513	333
381	527
520	466
521	467
352	237
520	468
317	557
532	325
462	312
357	238
281	531
532	401
422	281
530	469
421	249
529	350
273	398
528	351
521	327
280	532
272	397
346	247
317	543
523	388
519	327
310	552
405	237
273	456
539	448
544	342
320	281
540	448
418	480
425	258
431	480
285	541
528	406
311	545
533	402
271	396
385	238
286	541
530	470
404	243
318	543
467	504
432	268
531	465
314	555
344	253
539	440
273	403
541	449
520	326
524	388
290	382
357	236
360	249
260	440
515	386
534	461
281	541
352	236
279	531
534	325
414	239
445	493
318	557
284	525
282	528
532	351
267	469
468	504
263	446
270	396
313	282
514	447
459	506
281	542
542	450
476	336
266	468
321	280
346	259
374	241
384	237
290	519
531	352
351	236
262	443
324	299
382	528
318	558
270	467
351	235
317	537
532	399
320	279
260	435
422	249
396	516
414	238
514	327
433	267
305	359
392	251
276	385
539	449
458	510
515	326
542	451
280	540
531	468
456	512
422	258
535	326
536	325
280	470
295	396
319	556
474	330
276	383
475	329
318	559
304	358
415	238
423	248
319	278
529	471
350	234
427	259
375	240
260	442
430	265
319	543
278	531
536	438
350	237
313	284
434	329
414	237
455	506
312	281
545	341
284	476
321	350
278	428
261	446
280	543
534	402
404	237
532	468
319	560
320	561
541	452
311	282
318	277
403	238
386	238
535	462
277	388
331	523
303	357
276	382
279	544
454	512
428	258
541	340
336	282
533	469
546	340
546	339
312	284
318	551
416	237
534	470
275	383
429	257
343	253
270	405
455	513
311	555
283	477
533	471
318	276
260	437
461	494
299	542
546	342
281	527
282	478
331	331
275	381
319	275
534	472
536	327
519	377
385	236
403	236
457	512
430	256
352	234
406	236
310	283
535	328
266	409
315	285
407	235
302	356
381	529
434	268
269	406
383	236
381	507
540	441
301	355
321	562
281	544
536	462
352	233
406	234
290	518
275	386
406	233
349	233
325	314
474	481
307	355
260	445
321	563
382	235
311	546
499	409
309	284
503	465
547	342
300	356
304	498
509	467
348	233
540	446
460	506
469	505
535	473
266	470
423	247
508	468
470	506
310	556
474	482
277	530
299	355
519	467
535	437
402	239
277	532
541	445
415	241
402	235
374	524
259	434
276	531
444	494
275	531
453	511
310	281
536	472
454	514
282	545
320	559
537	471
333	521
452	511
529	325
263	435
532	439
490	443
535	469
424	246
311	364
306	403
469	507
345	247
471	507
298	356
258	433
265	411
322	279
521	469
512	332
257	433
324	318
535	474
330	524
534	475
330	332
516	326
543	451
278	533
264	410
274	381
542	339
281	546
448	496
275	532
544	343
309	556
276	529
324	313
525	328
538	470
262	447
507	469
283	546
318	274
454	499
475	477
525	389
279	540
414	236
299	543
500	465
274	533
298	543
471	508
324	351
529	406
318	561
322	561
428	260
461	311
537	463
548	342
321	352
536	475
282	479
275	534
263	411
533	398
425	247
429	261
377	240
397	515
533	324
281	480
407	233
382	234
520	470
273	532
270	465
413	235
547	338
537	339
271	461
277	528
259	443
494	334
297	357
322	564
413	234
538	338
279	545
537	474
341	507
521	471
534	397
353	232
274	535
429	255
408	233
278	545
324	303
272	531
412	233
282	411
534	476
296	356
466	319
538	473
262	412
323	565
261	411
277	546
383	233
522	471
