-0.437517	0.013732
-1.083860	0.145472
-0.851946	0.103225
2.268705	0.015401
-0.956297	0.002416
-2.449541	0.009702
-0.109053	0.334469
-1.315451	0.144530
0.044069	0.286852
0.087214	0.135214
-0.084028	0.223551
0.885172	0.123377
0.247278	0.371427
-0.525808	0.262362
0.810881	0.015748
-0.275412	0.087489
0.394602	0.052140
-0.502863	0.243670
-0.033369	0.195091
0.551405	0.094161
0.219603	0.365124
0.160475	0.343045
-0.837755	0.143276
0.568705	0.297195
-0.017958	0.060363
0.430365	0.278348
-0.162783	0.066810
1.599016	0.086107
-0.717230	0.133635
-0.940523	0.196029
0.793753	0.023867
-0.163527	0.099374
0.109797	0.328641
-0.062666	0.356226
0.832930	0.203218
-0.097284	0.258272
2.003222	0.016541
0.808649	0.264621
0.160894	0.047951
0.069418	0.184360
0.350332	0.185170
0.817289	0.081013
-0.478964	0.303525
-0.558290	0.125098
-3.761587	0.000288
-0.664892	0.091869
0.117922	0.013537
-0.978365	0.225332
0.096273	0.070185
-0.140238	0.191770
0.437994	0.266044
-0.140314	0.220722
0.285559	0.151177
-0.721178	0.251200
-1.068354	0.180585
1.224279	0.014172
1.015329	0.133568
-0.197916	0.191579
0.145731	0.356216
-0.582457	0.160967
0.187559	0.333321
-0.012274	0.076366
0.705767	0.113498
0.511312	0.038427
-0.433302	0.159603
-0.826845	0.211644
-1.152277	0.026339
-0.201788	0.283339
-0.834131	0.206783
0.535879	0.275472
-0.924139	0.036111
0.341902	0.301891
-1.017981	0.231352
-0.622015	0.239870
1.148176	0.191241
0.362024	0.106972
-0.016527	0.360175
0.020533	0.363248
0.235682	0.374270
0.117044	0.339179
1.445951	0.111575
-0.759706	0.266697
1.400747	0.119879
-1.702471	0.033333
-1.325560	0.148565
-2.100592	0.005869
-0.646544	0.053334
-0.353498	0.298771
-0.216341	0.240489
-1.241293	0.120453
0.162573	0.286971
0.106497	0.214257
-0.420656	0.101907
0.715532	0.101395
-0.616045	0.207226
-1.345053	0.018102
-1.066942	0.107086
1.001444	0.110244
-0.854540	0.077509
1.225176	0.023394
-1.413736	0.011168
-0.542707	0.003788
-0.224619	0.228460
0.189657	0.242065
0.169954	0.135196
-0.634222	0.313185
0.860167	0.039814
-1.639471	0.100338
-1.116362	0.205387
1.361551	0.012586
-0.505037	0.129493
1.959944	0.037381
-0.643759	0.126412
1.051664	0.045473
1.053476	0.188037
-0.977201	0.201096
-1.519651	0.037814
-0.723066	0.184792
1.086760	0.180672
1.315985	0.128413
-0.332651	0.034370
0.680456	0.153726
-1.211519	0.117280
0.201178	0.067269
-0.699701	0.119461
0.204420	0.189281
-1.386557	0.057767
-0.236006	0.376374
1.059561	0.129700
0.539331	0.122026
-0.692854	0.210462
0.418367	0.083351
-1.150961	0.026131
-1.703119	0.035834
-0.867853	0.239338
0.504808	0.177260
-0.283785	0.366813
-0.780745	0.042129
-0.659895	0.257067
-0.033979	0.008698
-0.219336	0.331546
-1.348238	0.124230
0.889883	0.225816
-0.431986	0.260922
-1.726599	0.058858
-0.241308	0.017626
-1.640024	0.052574
0.210657	0.074914
0.384493	0.319418
-2.350302	0.008058
-0.352182	0.217148
0.617208	0.308403
0.913134	0.065485
1.012278	0.084813
0.285616	0.175023
0.259371	0.250608
0.661421	0.136301
0.861006	0.076412
2.892599	0.000205
-0.766954	0.050899
-0.610418	0.170671
1.679506	0.029884
-1.818342	0.061243
-0.836859	0.029937
-2.422609	0.009343
0.319510	0.322716
-1.087732	0.215813
0.445032	0.308973
-1.343317	0.103962
-1.105280	0.215663
1.105108	0.199022
-0.132608	0.102225
-0.160208	0.161238
0.623655	0.052582
-1.092310	0.151172
-0.829439	0.092116
-1.398783	0.068106
0.327921	0.050386
-0.151339	0.019994
-0.583124	0.333761
-1.819944	0.065556
-0.081053	0.204041
0.239534	0.097067
2.061853	0.037646
0.419550	0.267040
0.148840	0.275729
2.293386	0.006782
1.293325	0.045757
-0.560141	0.175574
0.277529	0.039053
0.313845	0.032476
-0.118933	0.058292
3.070726	0.001350
0.223742	0.047718
-0.372763	0.294475
-0.160685	0.210404
0.397577	0.154271
-2.968397	0.004101
-0.275335	0.121448
1.462603	0.079363
-0.303545	0.105680
-0.100203	0.103232
-1.512003	0.063573
1.258764	0.018334
-0.795164	0.143390
0.377665	0.277923
0.717840	0.283894
-0.681353	0.133309
-0.247831	0.171511
0.179491	0.185650
1.502008	0.029680
-0.262365	0.287433
-0.949259	0.103892
-1.423292	0.143545
0.563421	0.205835
0.131655	0.088082
0.866804	0.036210
0.671701	0.157566
0.117102	0.048669
0.456285	0.021897
0.684977	0.237807
-1.356764	0.141132
0.580111	0.187511
-0.827246	0.037220
0.379667	0.030419
1.957808	0.038476
0.930243	0.043070
-1.035852	0.063246
-0.426664	0.343739
0.731897	0.034423
0.732946	0.176935
1.030493	0.114531
-0.518332	0.184310
-1.488218	0.027916
-0.738802	0.260501
-0.112448	0.175783
-0.854120	0.232137
-0.482950	0.154037
1.736746	0.069788
0.485239	0.027799
-1.619864	0.093190
-0.113325	0.007189
0.003748	0.230723
-0.657244	0.025704
0.617590	0.189297
0.849695	0.207087
-0.286169	0.346227
-1.573229	0.074830
-0.226450	0.113497
1.012278	0.206482
-0.169210	0.015643
0.891981	0.081224
-0.522966	0.258069
1.484632	0.098471
-1.898699	0.000474
0.560808	0.288629
1.050920	0.197836
0.609331	0.042170
0.290651	0.022799
-0.329638	0.013611
-0.213099	0.363687
-1.706953	0.028914
0.895853	0.252754
0.445871	0.304283
0.132132	0.037041
-0.270166	0.220214
1.559000	0.083734
0.186129	0.072539
-0.206118	0.289519
-0.003138	0.076048
0.931902	0.164780
0.196028	0.205110
0.930490	0.135780
0.901003	0.132325
-1.296415	0.153797
-0.548086	0.147989
-0.968485	0.116987
-1.390047	0.015980
-0.360994	0.261308
0.224085	0.276848
-0.053740	0.381568
1.396513	0.108451
0.913935	0.177984
1.283159	0.068588
-0.060091	0.167111
-1.727266	0.003994
-0.891104	0.008428
0.352335	0.279501
0.817194	0.159403
-0.002737	0.021860
-1.175070	0.010095
-0.199957	0.171131
-0.451498	0.166097
0.552511	0.117091
-1.305037	0.128015
-0.906858	0.016569
-1.016169	0.070452
1.017714	0.033234
1.972876	0.042828
0.210180	0.258255
-0.906286	0.112291
-0.321283	0.216127
1.363955	0.142923
1.988401	0.013567
0.030069	0.224026
1.031218	0.215944
0.156889	0.319508
-0.337381	0.158708
-0.469446	0.198663
0.416193	0.249110
0.606718	0.053900
-0.352182	0.041517
-0.034800	0.019744
-0.816813	0.278404
0.657072	0.017155
-0.136595	0.040025
0.013971	0.255802
-1.225824	0.071397
1.969614	0.029978
0.256243	0.067176
0.877466	0.201278
-0.584860	0.246241
-0.771971	0.048309
-0.639887	0.244822
-1.126490	0.095631
-0.889769	0.127036
0.138693	0.169283
0.293589	0.100812
-0.369654	0.053535
0.908003	0.045929
-0.610800	0.035274
-0.591917	0.215878
-0.675783	0.041622
0.231867	0.335316
1.790876	0.018824
1.020651	0.158075
1.420546	0.124576
-0.688791	0.218955
-0.467539	0.199448
-1.042433	0.046490
-2.777414	0.007715
0.234861	0.288757
0.651236	0.120873
-1.031351	0.183456
-1.710806	0.068265
-0.543375	0.147686
-0.618067	0.156686
-1.408033	0.093107
-1.118956	0.209219
1.535788	0.083070
0.947180	0.215122
1.335630	0.064310
-1.388464	0.132142
0.230513	0.190292
-0.189791	0.323109
-2.912073	0.001371
-0.234118	0.262233
0.854750	0.192960
-0.147963	0.349889
-0.180044	0.365242
-0.361528	0.367437
1.393595	0.101363
0.631857	0.068543
-0.838976	0.132085
-1.105776	0.120800
-0.372000	0.073936
0.254011	0.135123
-0.637751	0.087493
0.042105	0.251365
-2.591906	0.011867
0.616045	0.089282
1.644506	0.042214
1.060171	0.218986
-0.633345	0.247644
-0.047712	0.295085
0.815535	0.256286
0.528517	0.080548
-1.068354	0.171331
-0.725660	0.255199
1.109838	0.086545
-0.423040	0.142009
-0.352259	0.170547
-0.511389	0.183118
-0.771971	0.235040
-1.246805	0.139560
1.552515	0.112900
-0.499201	0.267924
-2.607698	0.005248
0.464067	0.232577
1.154718	0.168003
-1.168833	0.093671
-1.182222	0.001669
1.117754	0.152710
0.578012	0.160374
-1.032362	0.188205
0.915308	0.083167
1.674700	0.057688
-0.638456	0.054372
-0.680780	0.154629
-0.712881	0.150647
1.458845	0.101968
0.537786	0.258076
0.824270	0.168328
-1.015043	0.028521
1.059084	0.062399
1.006899	0.168375
1.457739	0.065721
0.983973	0.186384
0.130835	0.264770
-0.339575	0.050758
-0.291891	0.266335
-0.663118	0.258377
-0.766039	0.228019
1.545191	0.100576
-1.411371	0.142123
-1.556673	0.018086
-1.134138	0.197799
-0.643129	0.062611
-0.436106	0.059095
-0.196695	0.126827
0.019445	0.255280
-0.945597	0.150158
-0.458841	0.313517
0.038176	0.063958
-1.023340	0.230884
1.349707	0.159067
1.141558	0.193240
0.355082	0.114584
0.016394	0.106809
0.669832	0.291951
-0.080118	0.341664
0.799913	0.125172
-2.387648	0.003098
-1.491823	0.035392
-0.416059	0.132104
0.236959	0.009740
1.444139	0.095409
-0.250883	0.011725
0.204973	0.144707
-2.022066	0.028697
1.585951	0.012588
-0.366278	0.306473
0.278273	0.236812
1.034250	0.211813
-0.847330	0.155076
-0.987787	0.049652
0.310640	0.093385
0.781202	0.255167
1.531801	0.057636
0.851545	0.039808
0.549345	0.315523
0.649881	0.220844
0.140104	0.165919
-0.191088	0.265103
-0.586443	0.270669
0.318289	0.052690
-0.399370	0.284995
-0.801058	0.247997
-0.598993	0.219512
0.183554	0.257162
0.474844	0.305476
0.479460	0.019469
-0.010729	0.029254
0.600214	0.019041
0.560217	0.244082
0.502157	0.264797
0.085649	0.385291
-1.032076	0.173295
0.154047	0.251543
-0.988321	0.129867
-0.026808	0.204166
1.362448	0.047144
-1.396837	0.129595
0.546465	0.087203
0.334902	0.187256
0.519342	0.134538
0.580187	0.130365
0.977602	0.031639
-1.139555	0.033824
3.310175	0.000349
-0.229101	0.102496
-0.627394	0.214958
0.948400	0.235959
-0.195761	0.220136
1.563692	0.100650
-0.600443	0.091469
0.150595	0.014344
1.675901	0.095085
0.452204	0.224162
-1.023779	0.120719
-1.392298	0.077110
0.540514	0.035741
1.454382	0.122629
0.567064	0.121472
0.163794	0.249620
0.872431	0.269801
2.003222	0.036666
0.466967	0.052807
1.745691	0.077145
-0.414324	0.108567
-0.678396	0.228748
-0.565500	0.186092
0.899420	0.247427
0.573053	0.334431
1.908255	0.041836
-0.520716	0.092688
-1.248655	0.038703
-0.102034	0.171241
-1.029768	0.113664
0.456228	0.099789
1.514120	0.015011
-0.100813	0.088505
0.045958	0.309668
-1.365156	0.039789
2.432280	0.011274
1.120882	0.177948
0.583887	0.326775
0.551844	0.238204
-0.304365	0.029407
-0.144777	0.212973
-1.133604	0.095210
-0.386992	0.236664
0.137262	0.330398
-0.217981	0.258465
0.236425	0.328966
1.987276	0.039420
-0.001593	0.175057
0.149107	0.226349
0.884295	0.170323
2.335558	0.025327
-0.216150	0.304974
-1.404696	0.051167
-0.545359	0.250516
0.745230	0.176712
-0.396051	0.213100
1.516237	0.037105
-0.621328	0.310835
1.025057	0.139626
0.106211	0.350128
-0.997248	0.032898
0.622568	0.022509
-0.400629	0.285556
-1.201181	0.090860
-2.103376	0.035656
0.518332	0.049944
0.868921	0.204399
-0.819063	0.070559
0.187082	0.108010
-1.224279	0.096839
-0.677347	0.179896
-0.400076	0.200790
0.863733	0.242938
-0.470591	0.156178
0.922022	0.260472
0.189047	0.151148
1.580038	0.067573
-1.102247	0.019460
0.178480	0.268576
0.662794	0.308303
0.959158	0.061507
1.622000	0.006925
-0.181665	0.326304
-0.314054	0.001866
-0.407648	0.195576
0.235548	0.185185
1.996336	0.029985
1.389742	0.112918
-0.779810	0.103352
0.055838	0.043401
0.113249	0.244106
0.742407	0.072738
-1.248198	0.090513
-2.036638	0.003919
-0.288877	0.005902
0.556288	0.307504
-0.134287	0.108977
0.770330	0.277353
-0.598536	0.270773
0.025473	0.166765
2.059278	0.044391
-1.838083	0.005607
-1.077623	0.157508
-0.012884	0.374961
1.146708	0.181696
3.012190	0.002609
-1.655893	0.051897
-0.959158	0.182887
-1.888380	0.065262
0.253115	0.041665
-1.354399	0.120580
0.441370	0.123853
-0.378065	0.323699
-1.393595	0.064398
0.006113	0.208602
-2.067022	0.007767
0.081530	0.285796
-0.334711	0.001145
-0.966845	0.144883
0.107641	0.000754
0.603724	0.064058
-0.669756	0.303389
1.422606	0.106314
-0.859442	0.213488
0.711012	0.082320
-0.960035	0.013043
1.311941	0.105566
-0.699625	0.254542
1.426058	0.028481
0.297670	0.167451
-0.171041	0.072999
-1.127367	0.103207
-0.742941	0.168667
0.268946	0.030889
1.871958	0.023874
1.933947	0.033428
-1.327486	0.132187
-0.190134	0.136435
-0.226450	0.144525
-0.441446	0.200048
-1.358557	0.057189
-1.751299	0.072039
0.301161	0.076060
-1.882849	0.046716
1.864824	0.030497
-1.175280	0.112044
0.752172	0.077792
0.470724	0.169269
0.253859	0.040451
1.487818	0.052398
-1.370649	0.138100
0.827646	0.157097
-1.874647	0.052155
-0.084295	0.275619
-1.764135	0.019150
-0.387678	0.003374
-1.387510	0.042599
-1.749887	0.013174
0.083284	0.363434
-1.860418	0.030048
-0.308580	0.357657
-0.811930	0.238435
-0.010786	0.299319
-0.285349	0.197637
3.023539	0.001743
-1.856909	0.033268
-0.446424	0.303696
-1.934977	0.034912
0.116644	0.374718
-0.709066	0.210643
-1.183615	0.123304
-1.214304	0.136859
-0.003004	0.074105
0.660124	0.112862
-0.175638	0.209678
-0.377321	0.072576
-1.284418	0.057968
0.028028	0.395517
1.140661	0.150148
1.093779	0.211167
0.228548	0.188893
0.707712	0.235073
-0.904150	0.166453
-1.553888	0.000480
-0.224695	0.132767
-1.900587	0.061420
0.159254	0.387382
0.685892	0.130729
-0.063753	0.051896
-0.649405	0.208536
-0.192156	0.213471
-2.034178	0.017216
0.847025	0.046913
0.415716	0.267583
-0.902224	0.095403
1.112928	0.131729
-2.089624	0.009776
0.728865	0.168906
-0.540514	0.194547
-1.521788	0.115668
1.606207	0.017530
0.384569	0.350565
0.974245	0.235843
1.468306	0.129943
-1.490622	0.100694
-0.228968	0.353087
0.319643	0.216661
0.633745	0.159255
-0.970526	0.005546
-0.338945	0.236703
-0.127115	0.375240
-0.286226	0.041183
-0.822115	0.128643
-0.935354	0.071372
-0.172262	0.057384
0.061369	0.243534
-1.208544	0.184266
-1.396513	0.008698
0.848761	0.266703
0.108042	0.333456
0.723410	0.155129
0.933924	0.256326
-0.556135	0.049377
-0.983706	0.197202
0.824766	0.040573
0.685148	0.109094
-1.462984	0.000275
0.354185	0.128131
0.126848	0.171795
0.031748	0.332197
0.688868	0.290923
-2.979116	0.001537
-0.401945	0.294644
-0.001192	0.348868
0.733461	0.051041
0.441294	0.061677
2.532282	0.004734
-0.298357	0.054567
-0.587816	0.169337
1.848269	0.041499
-0.279360	0.074723
0.118799	0.321580
-0.233240	0.149565
-1.169024	0.061642
-0.466394	0.074605
0.810976	0.012406
2.265005	0.005973
1.636705	0.066808
-0.146742	0.363022
0.744181	0.292744
-1.623068	0.079487
-0.582743	0.110088
-1.582479	0.058346
0.883760	0.033530
0.509367	0.063564
0.901442	0.114517
0.345392	0.090160
-1.003752	0.224779
0.104055	0.084851
-0.011663	0.340779
0.750647	0.269637
-0.486383	0.204602
-0.185595	0.258713
0.112028	0.231498
0.952463	0.226599
-0.242796	0.297936
0.256319	0.157330
0.778055	0.154906
2.166662	0.000094
1.345053	0.129253
-2.158918	0.004312
0.224085	0.228986
-0.987387	0.020260
-0.254202	0.182731
-1.602087	0.110249
0.147829	0.019300
0.841398	0.065703
-1.356764	0.018974
0.828142	0.176773
1.671705	0.077943
0.370417	0.023705
-2.323198	0.017591
1.106615	0.126101
-0.276098	0.306555
1.045980	0.094183
-0.553694	0.258869
0.882998	0.072035
0.995779	0.111148
-2.036638	0.022552
0.467672	0.283828
0.376348	0.167863
1.205378	0.123239
0.868063	0.066240
-0.515356	0.233638
0.381804	0.316427
3.360796	0.000542
0.862570	0.117570
-0.038729	0.151486
1.184816	0.006812
0.136118	0.241686
1.527853	0.058043
0.956926	0.015612
-0.959921	0.067846
-1.020937	0.047996
1.729288	0.036368
-0.871477	0.103813
-0.256510	0.230739
-0.260592	0.140257
0.451136	0.136608
0.619459	0.129314
0.243273	0.310525
0.712709	0.245535
0.336485	0.023645
-0.021811	0.113187
-0.315485	0.036373
-0.975389	0.030725
0.047979	0.092399
-1.456995	0.120637
-1.547480	0.014327
0.592508	0.183364
-0.347376	0.306340
-0.366488	0.297860
-0.767965	0.268947
-0.831137	0.271852
-0.552225	0.123371
-1.539354	0.106459
1.744299	0.075141
0.784559	0.075400
-0.287600	0.069023
-2.185678	0.028197
1.799345	0.026214
-1.714716	0.062755
-1.641703	0.067022
-2.096453	0.004200
-0.673170	0.047866
-1.411715	0.080322
-0.211878	0.187002
0.457354	0.340132
-0.271883	0.185150
-0.076113	0.120518
-0.459604	0.138271
0.090590	0.026266
0.157099	0.295226
-0.273027	0.199606
-1.257811	0.097961
-0.598917	0.288855
-0.122118	0.143452
0.230188	0.266766
-0.720911	0.012669
0.208693	0.338513
-0.263643	0.310403
0.253057	0.361765
0.128069	0.160953
-0.162840	0.309134
-2.168226	0.020950
0.172873	0.334392
-1.618795	0.047268
0.565882	0.316106
1.084661	0.153565
-0.259581	0.036943
-0.157022	0.302093
-0.863199	0.199045
0.985155	0.060421
-0.624743	0.218488
0.131998	0.150426
0.313158	0.226458
0.833044	0.005655
-1.684999	0.088947
-1.083536	0.118328
-0.545511	0.008097
-0.561552	0.276493
0.155478	0.376191
0.050955	0.145919
0.499716	0.323587
-0.508051	0.046481
-0.267191	0.337032
-0.606642	0.308634
-1.374960	0.067283
-1.120882	0.113947
0.957918	0.035981
0.645437	0.067544
-2.127542	0.033019
0.203886	0.342159
-0.166845	0.116054
-0.409861	0.186071
0.889215	0.033859
-1.658201	0.072637
-1.604128	0.002252
0.158377	0.260653
-0.785398	0.142117
-0.829039	0.192833
-0.994024	0.204266
1.354399	0.153172
0.253592	0.262457
-0.503302	0.215639
-0.715857	0.080897
0.290041	0.038692
-0.793848	0.122287
-0.121298	0.298124
0.648928	0.246405
-0.124617	0.006522
-0.057325	0.347327
-1.846552	0.069965
-0.722895	0.243676
-1.460733	0.083748
-2.564402	0.007538
-0.016394	0.077410
-0.376062	0.298623
0.605116	0.211320
-0.147753	0.367277
1.304770	0.081781
-0.948286	0.027363
-0.561419	0.090353
-0.555849	0.273924
-0.877371	0.096104
-0.038652	0.164562
-1.057425	0.094789
2.745409	0.003028
0.545435	0.270188
-1.143579	0.063531
0.231733	0.268567
0.072260	0.028383
0.157290	0.387423
-0.854959	0.079402
0.458555	0.034373
-0.054407	0.261598
-1.355581	0.011731
1.444864	0.056176
0.911417	0.262798
-0.777674	0.117031
2.080202	0.034222
-1.081133	0.039013
0.822592	0.131155
-1.620932	0.002073
0.237379	0.003988
1.493845	0.043014
0.188913	0.148745
0.287790	0.093325
1.348238	0.154750
0.194063	0.024493
1.018133	0.213769
-1.545649	0.008723
0.414114	0.176280
-1.277437	0.015379
1.520510	0.005287
1.519213	0.035129
-0.736609	0.048044
-0.740385	0.293205
1.732664	0.024108
-1.635599	0.102974
-0.138483	0.138968
-0.449305	0.315428
-0.032969	0.093066
0.094175	0.165013
0.065374	0.241069
-0.974245	0.152277
-0.525370	0.068266
0.028582	0.056130
0.642252	0.267343
-0.707197	0.218582
-0.222120	0.162253
0.926828	0.086632
-0.876608	0.271515
0.263777	0.162673
1.298227	0.078435
-0.676851	0.255903
0.150805	0.307163
0.235338	0.062172
-1.939039	0.021473
0.630064	0.056703
1.112070	0.122622
0.462294	0.123770
-0.177336	0.246483
-0.745420	0.299950
0.788755	0.168096
-0.257196	0.296457
1.440897	0.134826
-0.517817	0.205862
0.181532	0.012019
-0.530996	0.001907
-1.898699	0.029253
0.748777	0.176402
-0.365458	0.054092
-0.929899	0.021897
1.833906	0.039997
-0.843229	0.036877
0.295153	0.293468
-0.326490	0.120630
1.069441	0.061287
0.562754	0.082870
0.277452	0.337618
-1.593428	0.006607
0.017424	0.067930
-1.879187	0.044631
-1.293058	0.007104
0.263720	0.360317
0.115156	0.122646
0.970907	0.237131
-0.240297	0.250588
-1.407022	0.125547
-2.072268	0.040158
1.496286	0.052777
0.902109	0.038755
-0.528517	0.155825
0.492105	0.351752
-0.212698	0.014033
-0.076323	0.042502
1.065550	0.042024
-0.215330	0.004108
0.701551	0.192547
-0.787077	0.241366
0.166712	0.196534
1.167097	0.123744
0.129480	0.001130
1.434126	0.017767
-1.699305	0.029143
-0.092211	0.174813
2.265005	0.021621
-1.011572	0.170987
-0.380754	0.022319
-2.046576	0.028683
-1.237211	0.139594
0.288820	0.060032
-0.110350	0.015103
-0.686464	0.182393
0.195818	0.121532
1.516657	0.121599
0.313578	0.315175
-0.613813	0.307735
0.465403	0.200638
1.535330	0.011373
-1.221437	0.021301
0.201311	0.320711
0.383730	0.047532
0.486250	0.097914
-1.480303	0.014062
0.227938	0.096517
-0.527048	0.337119
0.463781	0.085321
2.564402	0.005518
-0.151415	0.173603
-1.289225	0.168281
0.430651	0.182410
0.022421	0.128408
-0.116358	0.341209
-1.168642	0.110963
-1.901541	0.007931
-0.198870	0.374462
1.031351	0.140282
0.483809	0.059728
1.502829	0.029241
0.538893	0.129731
-0.729647	0.176043
1.556215	0.090650
1.466398	0.079618
0.009165	0.249220
-0.373240	0.222093
1.819944	0.000627
0.403128	0.068780
-1.633940	0.014629
-2.136335	0.008940
1.430960	0.074346
0.148916	0.165814
-0.507841	0.273394
-0.154791	0.236849
-0.830526	0.042886
-0.447550	0.294269
0.652514	0.081778
0.714674	0.260292
-0.945845	0.146449
0.424433	0.080874
0.241232	0.136383
-0.757723	0.264405
0.076723	0.093353
-1.028471	0.010276
0.401812	0.355715
0.077143	0.231237
-0.456285	0.113653
0.286169	0.340611
-0.686388	0.194223
0.800009	0.037577
-0.405836	0.102859
0.099726	0.230526
0.567961	0.191383
0.267382	0.112929
1.133070	0.105274
0.561113	0.319936
0.802488	0.040659
-0.847330	0.134854
-0.536108	0.273213
0.161772	0.156916
1.256628	0.120764
0.160685	0.369554
0.903921	0.002104
0.372686	0.343033
1.397486	0.054648
1.573725	0.053680
0.798006	0.227439
1.795473	0.027813
-0.421286	0.000225
-0.279627	0.026569
1.309538	0.111362
1.293840	0.105247
0.318975	0.227039
1.118441	0.082509
0.817976	0.127552
1.254034	0.106259
-0.453463	0.345981
-0.278273	0.150612
0.004702	0.275517
0.292025	0.379335
-1.895857	0.048208
0.086260	0.317770
0.375032	0.186957
-1.927900	0.047352
-0.037088	0.035632
0.001516	0.260440
1.227598	0.183154
0.268755	0.084853
-0.424566	0.205772
1.635046	0.060174
0.202799	0.369871
0.986605	0.150108
-1.867476	0.023199
-0.726614	0.250464
2.439623	0.017335
-0.640116	0.116626
0.582895	0.157616
2.467318	0.002289
1.272745	0.125106
1.394243	0.006455
-0.126181	0.243447
-0.168257	0.389290
-0.560961	0.107078
0.534945	0.019938
0.005655	0.306104
1.931925	0.044781
0.643759	0.227388
0.394316	0.034706
-0.795736	0.094494
1.286192	0.082772
0.697184	0.285128
0.198126	0.021248
-2.142267	0.006793
1.051226	0.020493
-0.665693	0.041464
-1.265688	0.038616
0.968237	0.116426
1.286440	0.063719
-1.259947	0.084613
1.299276	0.070701
0.195208	0.344106
-0.172739	0.313102
-0.871572	0.134590
1.575651	0.052694
-1.460733	0.106794
1.185026	0.183680
2.295332	0.010450
0.347376	0.004372
0.566111	0.172529
-0.998468	0.070581
0.249662	0.321554
-1.320066	0.149015
2.576494	0.005186
0.897646	0.050716
-0.131521	0.078778
-0.498056	0.143879
1.820765	0.040465
1.373091	0.017772
-1.073675	0.171274
-1.578569	0.033607
-1.190691	0.079484
-1.127367	0.053666
0.172796	0.335812
0.654593	0.136781
0.023508	0.343533
0.631075	0.215354
-0.489740	0.043536
0.005655	0.350317
-1.022787	0.154466
0.223398	0.260950
1.021223	0.075966
-1.368799	0.064202
-0.608263	0.075128
1.981688	0.014609
-0.538816	0.044226
0.960665	0.207177
0.071325	0.288701
-0.092688	0.153186
1.174879	0.024209
-0.693693	0.031734
0.030527	0.103590
0.872641	0.153250
0.091143	0.320172
1.122103	0.084420
1.320333	0.090688
1.005106	0.008337
1.535330	0.041119
0.641546	0.101625
-0.136652	0.383873
-0.112104	0.005827
0.941610	0.100153
0.031080	0.290795
-0.042448	0.312104
-1.065092	0.037779
-1.443415	0.067086
-0.569983	0.157558
0.620852	0.168290
-0.878019	0.252226
0.251970	0.284950
-1.620932	0.021170
0.330324	0.318318
1.851702	0.024241
0.696363	0.297402
-0.219126	0.113534
1.388769	0.036083
0.657396	0.172059
-0.475054	0.152725
-0.632963	0.051489
3.188601	0.001060
-0.425062	0.339215
-1.403055	0.114995
-0.068140	0.327609
0.281267	0.077649
0.361185	0.287212
-0.021143	0.188162
1.721277	0.043939
-1.747084	0.043206
0.448122	0.015411
0.698118	0.162940
-0.577097	0.081634
-1.271772	0.012243
0.271540	0.244816
2.604494	0.007781
0.450449	0.063545
-1.300058	0.002022
-0.547190	0.095573
-1.578569	0.076512
0.151014	0.143757
-0.747728	0.292556
0.835848	0.054202
0.761957	0.140749
1.712103	0.044173
-0.751181	0.296148
0.063467	0.052998
0.124884	0.012435
1.665201	0.016820
-0.075712	0.243037
1.195593	0.134107
0.123739	0.150784
-0.530558	0.112882
-0.327101	0.089519
0.543585	0.027758
-0.159464	0.073304
-1.688070	0.022389
-0.956297	0.127886
-0.092955	0.186408
-0.314932	0.197813
-0.832834	0.047998
0.739508	0.218314
0.099516	0.346717
0.105619	0.287658
1.228476	0.129671
1.216459	0.054018
0.366831	0.091069
3.670874	0.000288
1.095934	0.086305
1.972876	0.022161
0.646372	0.304920
-1.112413	0.135438
-0.487738	0.169852
-1.028185	0.079067
-0.835848	0.196836
0.741873	0.008389
0.704756	0.140650
0.259428	0.367382
1.076517	0.198454
-0.138960	0.007506
0.528574	0.144928
-0.246935	0.061814
0.244970	0.149094
-0.570288	0.047457
1.917009	0.051909
-0.687704	0.085201
-0.093298	0.246824
2.034178	0.000754
-0.002680	0.342982
0.290041	0.002389
-0.627394	0.057612
0.860376	0.118764
0.077200	0.191663
-0.655546	0.197252
1.014624	0.041143
0.782042	0.174204
0.186472	0.290966
1.589918	0.007089
-0.130835	0.246104
1.171942	0.197670
-1.356173	0.036510
-0.686884	0.197394
0.660048	0.310077
-0.948038	0.200276
0.531645	0.202271
0.834646	0.055651
-0.024042	0.048157
-1.184816	0.177891
1.150961	0.169849
1.843996	0.057347
0.552225	0.186954
-1.357374	0.137116
-0.386915	0.296785
0.135641	0.285277
1.025190	0.177981
1.794710	0.013091
0.980062	0.114335
-1.418829	0.036530
0.757627	0.091134
0.971155	0.091864
-0.377588	0.011281
-0.196962	0.000579
-1.298742	0.037347
-0.377512	0.143015
1.132174	0.171835
-1.128263	0.135864
0.650682	0.021340
1.072893	0.117827
0.165682	0.347736
0.444803	0.090397
-2.040339	0.024171
-0.291414	0.102417
0.869017	0.117387
-0.077467	0.208101
-0.691767	0.170346
-0.157022	0.243708
0.069094	0.199493
-0.036631	0.165083
0.007887	0.317614
1.391020	0.124203
-1.906328	0.013649
-0.746031	0.088764
-0.117388	0.121427
-0.982656	0.168382
0.663595	0.066343
1.547022	0.081611
-1.239023	0.135990
-0.662622	0.102210
-0.803747	0.192305
-0.158033	0.320835
0.968866	0.073192
-0.138826	0.230985
0.680037	0.209420
0.863638	0.245492
-0.166025	0.021177
-0.523710	0.137221
1.772890	0.053933
1.964216	0.052598
0.684481	0.290162
0.423040	0.022137
0.554514	0.198450
-0.868711	0.007444
0.316515	0.291839
1.145239	0.061743
-0.092764	0.198034
0.662394	0.160752
0.550966	0.317414
-0.401182	0.079949
0.763865	0.288983
-1.677694	0.027607
-0.053186	0.334978
0.882006	0.164020
0.651884	0.130623
0.260248	0.165138
1.067419	0.110826
0.764780	0.235791
-0.080786	0.338648
-0.753965	0.099611
1.007853	0.091710
0.397577	0.266481
0.105619	0.391409
0.616446	0.201483
-0.042162	0.103967
0.975657	0.140923
0.719633	0.291391
1.039343	0.037664
0.465345	0.021407
0.620470	0.077771
1.559935	0.100490
-1.048517	0.076884
-1.133966	0.205948
-1.207476	0.123223
-0.676107	0.064798
-1.517935	0.098223
-0.717058	0.041091
0.076799	0.216886
-1.027040	0.123388
0.772257	0.056673
0.101748	0.275371
-0.447836	0.320578
-0.795546	0.141821
0.980196	0.052841
-0.155745	0.280918
-1.164007	0.072804
-1.448145	0.078004
-0.561113	0.326161
0.037432	0.133337
1.517935	0.060623
1.231146	0.168149
0.711432	0.293625
1.050310	0.180708
0.372820	0.048126
1.224070	0.099610
1.020098	0.017789
-0.729723	0.003140
0.232630	0.183276
-0.989904	0.117821
0.983839	0.121963
0.078688	0.288494
-1.065702	0.083020
0.768404	0.279666
-2.220545	0.024712
-2.281866	0.012279
-1.986151	0.046668
0.660772	0.216330
0.423384	0.274804
2.220545	0.000651
-0.741186	0.012895
1.590929	0.016210
1.011305	0.120123
-0.518179	0.309235
-0.191755	0.362410
1.307154	0.009357
0.353212	0.368015
1.191702	0.014781
2.006712	0.018510
0.346079	0.175668
0.854445	0.217225
-1.016455	0.165306
-1.039934	0.190374
-0.018225	0.300073
-0.097418	0.356925
-1.047182	0.195911
-0.212755	0.224754
0.163126	0.383735
1.325560	0.030132
-1.435900	0.072920
1.415758	0.022847
-1.270800	0.158447
0.728083	0.259641
-0.298090	0.111754
-0.131521	0.307403
-0.389395	0.369482
0.179358	0.049207
-0.207548	0.054694
1.526995	0.012576
0.349169	0.080819
0.623274	0.233823
-0.147963	0.352960
0.576963	0.306809
-1.569395	0.101460
0.229101	0.324895
-0.535154	0.056939
-0.573359	0.227870
-0.458555	0.283869
-0.326014	0.220233
3.423967	0.000913
-0.559397	0.160791
1.940069	0.008801
-0.500288	0.016315
1.484251	0.014682
1.059408	0.141315
0.033102	0.207239
-1.169405	0.105017
1.683779	0.029603
1.396837	0.081145
-0.413198	0.181142
1.418486	0.080347
0.275202	0.362272
0.180788	0.312004
-0.236559	0.304599
-0.924368	0.092503
0.218039	0.346808
0.742140	0.298145
0.577250	0.018058
-0.307493	0.071437
-1.478739	0.082733
-1.169806	0.129973
-1.031637	0.091395
-1.683168	0.003941
1.185617	0.161176
-0.007410	0.157517
0.921679	0.061820
1.022921	0.142300
-1.321154	0.145916
0.471640	0.089148
1.141024	0.067828
-1.343031	0.065129
-0.541601	0.114764
-0.599756	0.104609
0.523558	0.335785
-0.675783	0.304761
-0.746202	0.030231
0.196638	0.186607
0.251074	0.113663
1.129332	0.076438
0.114336	0.357244
0.247679	0.093699
0.059881	0.150035
1.385908	0.152690
1.171560	0.168020
1.604643	0.017274
-1.950426	0.000733
-1.258764	0.108980
0.079374	0.215551
-0.374422	0.289029
0.836763	0.048949
-0.727644	0.102240
-1.024485	0.034447
0.828733	0.218494
-0.496759	0.191490
-0.599985	0.068222
-1.538458	0.050836
0.097837	0.246820
-1.031923	0.078570
-0.599909	0.127955
0.276232	0.015219
1.638918	0.090628
0.195951	0.289962
-0.444746	0.048269
0.469656	0.012275
0.357275	0.299114
-0.652437	0.308580
-0.236483	0.082602
0.079031	0.003740
-0.117922	0.198851
-0.829935	0.126279
0.670481	0.180237
0.187426	0.009643
-0.523405	0.298030
0.768595	0.176280
-0.210733	0.155905
-1.018686	0.221751
-0.762053	0.002146
0.600138	0.078402
1.011171	0.208730
-0.933695	0.032896
0.655470	0.261341
-0.390921	0.209819
-0.467825	0.290203
-0.082407	0.131069
1.144857	0.106288
-2.160463	0.026863
1.181822	0.080450
-0.740385	0.217452
-0.753603	0.144379
0.711088	0.219901
-2.090979	0.044221
0.132399	0.074604
0.694017	0.135409
-1.410704	0.004968
-1.422949	0.075191
0.485601	0.181326
1.694899	0.052362
-0.444746	0.284144
0.117521	0.292943
0.594797	0.271022
-1.512423	0.012384
-0.399656	0.362919
-0.068541	0.384346
0.264940	0.096360
-0.070372	0.170356
-0.049753	0.394674
-2.555494	0.013491
-0.456362	0.175949
0.803366	0.037128
1.562757	0.000899
0.466108	0.189205
0.306807	0.291432
-0.467539	0.126232
-0.241365	0.318158
-1.807947	0.077718
2.902269	0.005377
1.494665	0.047669
-0.364904	0.256558
1.537123	0.093062
-0.605268	0.137625
-0.871782	0.068677
-0.185938	0.145659
1.871958	0.004412
-0.491095	0.149215
0.204897	0.376356
-1.528292	0.011448
0.760889	0.185201
0.253725	0.000260
0.403337	0.068607
-0.597391	0.234875
-0.233717	0.310627
0.373182	0.251276
0.642653	0.188954
-1.113787	0.122336
0.487375	0.230064
0.930834	0.202879
-0.022421	0.356464
-0.075102	0.232919
1.921930	0.049873
-0.484171	0.010388
-0.195074	0.191509
0.384912	0.045675
0.947180	0.208472
0.412169	0.201792
-0.852575	0.051560
0.037165	0.252090
-0.619917	0.219854
-1.320887	0.064880
0.412226	0.342514
0.713987	0.017673
-1.804018	0.024629
2.902269	0.001284
-0.125017	0.298812
-0.070162	0.092774
-0.350199	0.091887
-0.106077	0.067950
-0.553026	0.318656
-0.734510	0.255261
0.558367	0.185761
-0.383806	0.324971
-0.593576	0.315397
-0.963430	0.217263
-0.670900	0.207115
0.407152	0.338211
-0.011187	0.057724
1.332235	0.066828
1.218824	0.044002
-0.738459	0.034280
-0.010042	0.298247
0.900660	0.084406
-1.030207	0.226660
-0.703573	0.211581
-0.456228	0.319792
0.364428	0.330399
-1.113100	0.101865
0.982542	0.075364
0.282888	0.057357
0.385046	0.148966
0.810289	0.249188
-0.726957	0.119866
-1.038332	0.203785
-1.341314	0.016841
0.823679	0.172730
0.568266	0.066818
2.078886	0.034008
-1.478739	0.030795
-0.019236	0.183697
-0.604734	0.174737
-0.412512	0.168609
-0.569906	0.194230
1.843996	0.010824
-0.837469	0.103852
0.924253	0.245436
-0.423937	0.350057
-0.124884	0.161102
0.332861	0.261464
-0.780821	0.228946
-0.753145	0.182587
-1.796236	0.031096
0.190878	0.130989
0.602884	0.301857
0.380354	0.358641
-3.017855	0.002728
-0.464144	0.108887
0.723066	0.275093
0.856314	0.166505
-0.309744	0.093539
-0.039320	0.041981
-1.049719	0.160963
1.736746	0.024224
0.410833	0.001973
-0.352812	0.181151
-0.260382	0.333621
1.458101	0.057369
1.311407	0.116515
-0.133543	0.296616
-0.262899	0.056844
-1.751299	0.058942
-0.770426	0.082670
1.350298	0.031732
0.050821	0.350808
-0.371866	0.195868
0.058260	0.382959
0.308657	0.278670
1.140108	0.101403
-1.069746	0.143447
0.581770	0.015686
1.606722	0.020419
-0.666914	0.280020
-2.420206	0.013951
-0.590086	0.292681
0.122175	0.114379
2.335558	0.001602
2.543783	0.008355
0.539560	0.154083
-1.852579	0.069658
-0.260115	0.124129
0.687304	0.068976
-0.390234	0.032047
0.445299	0.324427
0.621405	0.313666
0.140524	0.003826
0.729990	0.210473
-1.329451	0.153300
-0.905275	0.081881
-0.076933	0.144088
1.346216	0.116575
-0.769777	0.004399
-1.468687	0.096033
-0.110216	0.091922
-0.159731	0.169322
-1.189260	0.114720
0.040140	0.397110
-0.068541	0.288209
0.262899	0.356096
-1.939039	0.047823
0.753698	0.181558
-1.248426	0.058609
0.721693	0.026500
-0.510798	0.068785
-0.729990	0.288624
1.752710	0.078513
-0.118055	0.250186
-1.406355	0.037930
-0.902014	0.009821
1.699934	0.027102
0.324297	0.330370
0.280848	0.208580
0.297880	0.107643
-0.497274	0.079233
0.644007	0.264196
-0.449533	0.192841
0.068674	0.236806
-2.095079	0.028088
0.632086	0.188613
1.223192	0.146359
0.966578	0.117341
-1.874647	0.056722
-0.304556	0.280841
-0.084105	0.076015
-0.124350	0.160581
0.091066	0.243405
0.318422	0.377057
-0.683165	0.241474
1.231604	0.157865
0.771971	0.255814
0.274191	0.312600
1.258287	0.163813
0.333204	0.328524
-0.510302	0.305752
0.906057	0.156797
-0.648928	0.046321
1.902494	0.056383
0.485735	0.082995
0.299520	0.080359
-0.606184	0.212624
-0.292425	0.185932
-0.999403	0.016313
1.213236	0.015290
-1.430597	0.134312
0.536833	0.102526
0.011187	0.153661
-1.363344	0.070249
0.147276	0.385507
-0.692682	0.062476
2.020864	0.005242
-0.766230	0.115803
0.028715	0.046968
0.175714	0.381063
1.933947	0.058990
-0.192976	0.295431
1.562281	0.091035
-0.183229	0.007095
1.555738	0.090610
0.676432	0.214347
-0.844660	0.210843
0.550966	0.020149
1.426764	0.090998
-0.044260	0.396008
-0.482531	0.021094
-0.837755	0.077077
-0.030870	0.060710
0.798101	0.111724
0.510511	0.287069
-0.604506	0.267741
-1.186228	0.060358
0.734777	0.232167
-1.925898	0.006729
0.090399	0.295647
0.015459	0.179870
-1.053171	0.052116
1.960993	0.005656
-0.091810	0.228619
-1.297960	0.096181
0.468874	0.296582
-0.053263	0.276210
-0.378695	0.121787
-0.295095	0.055247
-0.378828	0.316090
0.013494	0.284214
0.336142	0.161314
0.003424	0.136584
0.397291	0.250432
0.376616	0.153700
-0.111837	0.215903
-1.139383	0.166443
-1.073046	0.022663
-1.351461	0.146337
0.294466	0.258612
-0.319452	0.101146
0.223608	0.154781
0.102224	0.011538
-0.839281	0.232883
1.623068	0.087174
-0.663671	0.074497
-0.306540	0.061070
0.081129	0.391905
0.455446	0.171421
0.102644	0.005479
2.299242	0.013274
-0.776110	0.077990
0.363188	0.177221
2.868967	0.000256
-1.097078	0.038031
0.237837	0.325733
0.135450	0.063530
2.585688	0.009509
-1.866598	0.033294
-0.326414	0.309519
0.881681	0.130786
-0.985937	0.067811
2.055426	0.046164
0.677347	0.273784
2.452059	0.000539
1.224737	0.025380
0.683832	0.105058
0.155134	0.199122
1.632299	0.003608
0.144434	0.141075
1.153593	0.082668
-0.552359	0.112858
0.334215	0.010366
0.361681	0.140842
0.881910	0.050509
-0.678644	0.307120
1.164389	0.123961
-1.471758	0.067491
-0.253115	0.255593
0.072603	0.278350
2.076216	0.031141
-1.800108	0.055196
-0.405550	0.240680
-0.373449	0.185795
-0.208902	0.295220
-0.806723	0.237270
-0.758715	0.133229
0.090265	0.109498
1.941099	0.058594
1.221228	0.171720
-1.224737	0.152976
-0.051641	0.133858
0.328474	0.275814
-0.311861	0.133208
2.197065	0.014969
0.714750	0.193455
0.129213	0.057013
-0.393000	0.276771
0.077200	0.234252
-0.047979	0.036443
-0.811644	0.133077
-1.231604	0.132076
1.171942	0.090021
1.071787	0.210935
1.890249	0.042032
-0.762243	0.124157
-0.622263	0.299019
-0.331545	0.019909
-0.432539	0.154767
1.002531	0.084346
1.093454	0.043401
-0.114260	0.176883
-0.390100	0.064295
-0.964804	0.055097
-0.453749	0.041804
1.355886	0.004011
-0.942450	0.211709
-0.297003	0.349569
0.288477	0.217043
-1.310606	0.088157
-0.955057	0.141197
0.502214	0.050456
0.663671	0.272223
2.480326	0.003529
-1.078424	0.122264
0.791578	0.197528
-1.011992	0.236516
-1.746397	0.085766
-0.964174	0.196253
0.201502	0.359090
1.317339	0.090782
0.071516	0.189896
-1.488619	0.106629
0.772715	0.234054
-1.646757	0.017144
-1.084833	0.031910
-1.434832	0.138941
-1.903448	0.047982
0.342245	0.103275
-0.712366	0.263523
0.083761	0.311568
0.501928	0.196425
0.164137	0.362579
-1.436968	0.054876
-1.095762	0.139010
0.488672	0.254152
0.495691	0.257697
0.237989	0.093867
-0.781565	0.094001
-0.539560	0.015876
-2.979116	0.002831
0.111761	0.291243
-0.541754	0.283135
-1.040373	0.066195
1.177645	0.143032
0.566168	0.168605
-0.389051	0.190126
0.728865	0.051169
-1.386232	0.110164
0.729284	0.246541
1.640024	0.016386
0.180101	0.061950
0.662546	0.196437
-1.711454	0.059901
-0.414324	0.022896
-1.866598	0.000774
-2.190523	0.019284
-0.358572	0.135646
0.286169	0.071019
0.498629	0.255545
0.070848	0.037284
-1.176462	0.106479
0.958662	0.209968
0.834341	0.233919
-1.068354	0.018181
-1.114817	0.108321
0.124350	0.018754
0.448961	0.271363
-2.417841	0.007852
0.557699	0.141297
-0.671625	0.260060
-0.980844	0.132485
1.218615	0.034327
0.116301	0.314657
0.025129	0.320426
0.031958	0.244842
2.068338	0.004502
1.253099	0.090256
0.249186	0.135886
0.185595	0.128777
-0.132322	0.391367
-1.514540	0.066049
-0.683260	0.124879
0.434294	0.260817
2.789793	0.006487
-0.614729	0.111678
-0.165625	0.128659
-0.287867	0.129894
-0.367041	0.065637
-0.091944	0.303444
0.717058	0.159940
0.983057	0.115345
-0.040350	0.158444
-0.109663	0.221442
-0.331411	0.261318
1.544294	0.022193
-0.820627	0.109028
1.854296	0.021120
1.883764	0.060893
-0.143080	0.006144
-0.734949	0.148558
-0.159540	0.046532
0.276365	0.281989
-0.164404	0.040705
1.382132	0.098405
1.155272	0.118283
-0.702810	0.038735
0.332708	0.258605
0.697947	0.121379
0.335379	0.174388
0.116835	0.218679
-0.481100	0.084619
-0.350466	0.281504
1.843996	0.047913
-1.560411	0.016081
-0.502291	0.161692
-1.402731	0.004541
-0.366774	0.346454
-0.165758	0.113826
-1.716013	0.014069
-1.790113	0.061894
0.588732	0.005591
-1.109686	0.117095
0.343466	0.182891
-0.009031	0.373888
1.182413	0.176633
0.044470	0.285431
0.495901	0.139266
-0.406866	0.253776
-1.268110	0.067865
1.000223	0.080303
-0.536184	0.070777
-0.294333	0.102474
-0.919943	0.116564
-0.861845	0.214046
0.152349	0.324832
-0.166845	0.364821
0.444803	0.195024
1.028624	0.037959
0.101824	0.349874
1.474066	0.081783
-1.324720	0.030601
0.317526	0.217351
-0.334902	0.052311
-1.079531	0.206109
-0.176649	0.202982
-0.829630	0.016348
1.317606	0.053933
0.368624	0.176210
0.570726	0.037718
-0.301771	0.213931
0.141134	0.017678
0.354242	0.134410
-0.637598	0.058022
1.622534	0.060642
-0.762968	0.255265
0.738897	0.001608
-0.180387	0.057721
0.505247	0.292766
-0.933218	0.126838
1.405363	0.100759
0.704165	0.184609
2.220545	0.004581
-0.677347	0.107971
-0.645990	0.077115
-0.263586	0.097380
-0.979528	0.233514
-0.436049	0.227010
-1.805582	0.019031
1.175871	0.182422
-1.919947	0.037119
0.208349	0.151896
-0.322866	0.231054
-0.028982	0.001653
0.171309	0.091625
-2.116041	0.020935
-0.153437	0.010605
-1.440897	0.083158
0.661097	0.129309
0.449591	0.342778
0.611334	0.197969
-0.906630	0.252891
-0.419188	0.357515
-0.373926	0.132572
-0.313768	0.135072
-0.376558	0.244337
-1.316805	0.148817
-0.642176	0.051168
0.605040	0.236873
-0.296926	0.172153
0.628653	0.224606
1.672907	0.080118
-2.637091	0.008038
-0.583582	0.130806
-1.065397	0.104282
-1.545191	0.088271
0.342588	0.101411
-3.360796	0.000262
-1.959944	0.036295
-0.153990	0.170468
0.710249	0.054936
-1.599016	0.097623
0.755472	0.008376
-0.920515	0.220077
-0.771151	0.027265
0.090590	0.208414
0.383673	0.204972
1.088552	0.123045
0.451002	0.225593
0.066996	0.165022
1.208124	0.130647
0.325403	0.253682
0.780172	0.042945
1.163435	0.171569
-0.116034	0.102209
0.478468	0.347390
0.357275	0.180838
1.205797	0.091383
-0.514784	0.172618
-0.539999	0.005077
0.857553	0.152150
-0.977602	0.022002
-0.807295	0.051708
0.407648	0.039245
0.905161	0.230028
0.871363	0.012689
0.150862	0.273201
1.180410	0.118751
0.520067	0.213077
0.364218	0.246535
-0.885725	0.095891
-0.187559	0.254182
-1.405363	0.088750
0.106630	0.201994
-0.627317	0.192453
-0.272417	0.012053
0.408125	0.112868
-0.196085	0.336368
0.021143	0.359189
1.379614	0.039004
-0.581923	0.029235
-0.289431	0.351158
-2.078886	0.030654
-0.930834	0.063856
1.195192	0.180903
0.021944	0.394270
1.687460	0.037191
0.223608	0.002227
1.050768	0.169312
-0.390368	0.124417
0.664320	0.249361
0.113382	0.060700
0.708628	0.300424
-0.853395	0.022411
-0.407495	0.004176
2.000914	0.038298
-2.010221	0.031511
1.075563	0.090179
1.467924	0.108728
-0.323420	0.300382
-1.975069	0.024730
-1.063089	0.026036
1.797018	0.024791
-0.871782	0.069302
-0.243006	0.337919
-1.759825	0.036947
0.196562	0.109197
-0.768137	0.164690
-0.229025	0.216212
-0.190535	0.103570
2.023268	0.048971
1.207266	0.110253
1.785555	0.012127
1.560411	0.014947
-0.734777	0.115343
1.341314	0.012242
-1.517935	0.066450
0.028982	0.244523
-1.370649	0.112496
1.090670	0.054791
-0.331068	0.295021
1.191912	0.143346
0.452757	0.007234
-0.234461	0.371577
-2.437162	0.012568
-0.868921	0.190199
-1.528292	0.091437
-0.547419	0.104100
-2.192163	0.020315
1.503248	0.102083
0.021544	0.321035
-0.459185	0.238557
0.882330	0.007004
-1.316252	0.138876
0.774832	0.007906
-1.577597	0.107331
0.545435	0.209406
2.689104	0.002549
0.867224	0.242904
1.388140	0.001310
-0.291815	0.094008
0.559931	0.047569
-0.399523	0.019734
1.127558	0.207658
-0.556650	0.288997
-2.039118	0.042103
0.149183	0.355563
-0.571337	0.163965
0.839891	0.198587
1.197252	0.177543
0.388708	0.249298
-0.550451	0.030352
0.135584	0.082282
1.277685	0.011043
-0.867109	0.014280
-1.155081	0.203659
-0.778151	0.030697
-0.667486	0.095287
0.072393	0.231094
-0.698614	0.051724
-1.730623	0.024013
0.709906	0.018496
-0.354395	0.040102
-0.336218	0.288844
1.451063	0.081538
1.723928	0.061318
-0.684900	0.246452
-0.163584	0.131503
0.210924	0.185852
-0.431070	0.168205
-0.894308	0.204847
0.194864	0.313016
-0.186472	0.260155
0.958796	0.164189
-1.188250	0.055601
-0.652361	0.113136
-0.108519	0.328817
0.884943	0.091581
0.907202	0.059961
-0.557928	0.192342
-0.028582	0.242958
1.227598	0.071909
-0.613890	0.156486
-1.298494	0.065803
-1.434832	0.111185
0.322104	0.346070
0.659895	0.282998
1.114302	0.007129
0.387335	0.061841
0.840597	0.101638
-0.921907	0.214050
-1.752005	0.058414
-0.281801	0.193984
1.504908	0.083391
1.931925	0.032849
1.078901	0.128616
-1.173506	0.021070
2.291460	0.003804
-1.034689	0.126243
-0.924368	0.121829
-1.300573	0.159202
0.778055	0.192969
1.247969	0.137575
-1.023340	0.106751
2.182455	0.030371
-0.941000	0.063427
-0.026884	0.387486
-0.217905	0.314701
0.747366	0.194619
0.693598	0.172481
-0.160074	0.294951
-0.982008	0.234681
0.411043	0.242191
-0.953951	0.084687
1.934977	0.009693
0.396528	0.305622
0.447130	0.264732
0.976820	0.048820
0.387335	0.153199
1.598501	0.056899
0.429049	0.272319
0.601969	0.185902
0.337038	0.284572
3.108091	0.000461
-2.806654	0.000881
-0.682421	0.183289
-1.044054	0.025492
-0.018435	0.268906
1.076040	0.053076
-0.394106	0.322192
-1.265459	0.035561
-1.925898	0.020746
-0.499487	0.074102
-0.333471	0.350792
-1.429892	0.037458
-0.867014	0.249343
-1.359453	0.081708
-0.440111	0.278352
-0.915194	0.088381
-0.193930	0.297681
-1.264009	0.165989
1.975069	0.044618
2.036638	0.024509
-0.581465	0.312923
0.851946	0.168813
-0.571337	0.194226
-0.646849	0.104145
1.053629	0.022780
1.500769	0.029251
0.165224	0.373494
1.082888	0.195603
0.562601	0.283421
1.140280	0.157526
0.264330	0.357300
-1.234274	0.012310
0.780916	0.243202
0.351305	0.267128
0.320673	0.126519
-0.101614	0.375356
0.382414	0.056970
-0.683413	0.135640
0.181456	0.349504
-0.381670	0.045055
0.820627	0.022300
2.152815	0.015531
-0.127592	0.266313
-0.608721	0.227724
-0.538454	0.203151
-0.320196	0.275692
0.678072	0.098533
-0.896749	0.043471
0.238867	0.004450
0.158510	0.251265
-0.756731	0.122724
0.209703	0.021037
0.477686	0.100420
0.259981	0.143900
0.757360	0.007112
0.353632	0.363335
0.034323	0.217183
-0.821028	0.017203
-0.729284	0.129293
1.595964	0.042782
0.589933	0.081771
-1.269083	0.028428
0.087004	0.361082
0.575075	0.162581
1.602583	0.076477
0.147829	0.081343
-1.068506	0.023688
0.526171	0.083640
-0.406313	0.107729
-0.566034	0.153028
0.208426	0.198138
0.948648	0.109314
-0.297537	0.238537
-0.618067	0.024137
-1.632853	0.065249
0.338469	0.040779
-2.897425	0.005180
-0.990438	0.051136
-1.167669	0.086329
-1.592932	0.051780
-1.916018	0.050010
0.268755	0.099938
0.472078	0.042702
1.718645	0.056038
0.054808	0.307464
0.045691	0.198250
0.129347	0.312511
0.576429	0.040627
0.638456	0.081521
-0.732412	0.282394
-0.908327	0.147178
-1.195593	0.177101
3.040895	0.001723
-1.417799	0.048234
-0.001516	0.127480
0.447836	0.357006
-0.576658	0.107582
-1.205587	0.042560
1.629572	0.099767
-1.573229	0.067857
1.327486	0.142265
-1.362143	0.127511
1.268835	0.081023
0.606947	0.265187
-0.070295	0.302646
-0.945730	0.207640
-0.451288	0.149100
-1.418829	0.014971
-0.901899	0.109922
-0.017080	0.023484
-0.031481	0.386065
-0.456572	0.095025
-1.143751	0.094742
0.313711	0.282436
0.389051	0.285360
-0.664415	0.308324
0.757456	0.167978
1.168833	0.183337
-1.589422	0.081086
1.052275	0.031688
-0.640593	0.319158
-0.908003	0.078844
0.591764	0.180805
0.986605	0.241038
-1.849985	0.065328
-0.485029	0.073900
0.080175	0.021425
1.116533	0.179770
0.328131	0.213691
0.081320	0.273098
0.510435	0.000679
1.010065	0.047008
-0.315962	0.252244
-0.440817	0.046432
-0.306807	0.005087
0.727129	0.125098
-0.046759	0.011800
0.466547	0.142392
0.845690	0.105900
-0.649881	0.183914
-0.514498	0.321282
-0.799723	0.013827
0.304556	0.129354
0.402842	0.014350
0.352869	0.065351
-0.152636	0.131845
0.556803	0.286403
-0.006456	0.232289
0.046568	0.372060
0.190668	0.377796
0.094728	0.233777
0.478907	0.110505
-0.097761	0.109843
0.299788	0.218233
-1.731977	0.008229
0.275755	0.121011
1.267138	0.031309
1.144495	0.191148
0.974245	0.128392
-0.043592	0.218603
-0.796022	0.129436
-0.379725	0.219434
-0.916243	0.210187
-1.415091	0.132992
1.206846	0.018382
0.582304	0.231140
0.307703	0.056349
0.812330	0.093010
0.305452	0.352094
-0.020189	0.070162
0.946569	0.080956
-0.992956	0.013922
-0.362082	0.000656
1.170187	0.050229
-1.684389	0.052737
1.033659	0.165772
-0.982542	0.213530
-0.988588	0.099399
-0.550375	0.159681
-1.788588	0.060595
-1.828947	0.008456
0.950003	0.182646
-0.025930	0.231854
0.686216	0.029545
0.646620	0.163592
-0.386152	0.253357
1.868372	0.054374
1.055593	0.225087
1.177454	0.010339
1.228037	0.170407
1.293573	0.082857
-0.110540	0.269504
0.721598	0.060762
-0.826254	0.110348
0.340662	0.126902
0.441504	0.256018
0.199404	0.053870
0.496912	0.115782
-0.223398	0.220346
1.257105	0.086736
1.838923	0.029420
0.166636	0.139231
-0.708132	0.242236
-1.399107	0.036614
-0.586157	0.010762
0.579138	0.118056
0.434084	0.244707
-0.718336	0.054791
0.544405	0.175420
0.398893	0.225563
0.219526	0.358501
0.196695	0.109168
-0.823679	0.256355
-0.138750	0.014752
0.471792	0.156821
-0.492601	0.188404
1.565123	0.071722
0.625753	0.172172
-0.083284	0.081958
-2.266855	0.009781
2.350302	0.022133
-0.400343	0.343551
0.145731	0.069493
2.529440	0.014062
1.422949	0.125487
0.511522	0.277291
0.461378	0.289728
-1.781797	0.000369
-2.737627	0.004569
1.341600	0.107296
-0.889559	0.061651
-0.965815	0.044215
-1.252851	0.109048
0.304632	0.360060
0.968103	0.161448
-0.581026	0.109311
1.430960	0.032287
-0.835638	0.185168
0.501928	0.047464
-1.362143	0.076315
-0.858698	0.014405
-1.537123	0.038283
1.583967	0.035050
0.199080	0.143230
0.562601	0.049095
1.237898	0.033987
-2.003222	0.011720
0.460310	0.263013
1.290503	0.118312
1.737413	0.051184
-1.045542	0.056559
0.641146	0.189460
1.063700	0.073429
1.000223	0.098198
0.658598	0.054904
0.835447	0.042110
1.549749	0.064511
-0.289831	0.049403
-0.120821	0.382273
-0.970774	0.231772
0.685072	0.054124
-0.982275	0.054293
2.610884	0.010202
-0.539103	0.127283
0.480528	0.240899
-0.125761	0.290375
-0.290594	0.241065
-0.956926	0.012584
0.830145	0.243198
-0.191221	0.144190
0.450296	0.215513
1.549292	0.087521
0.882998	0.126688
-0.473413	0.136539
-0.118189	0.088004
0.092077	0.345712
1.045389	0.105385
1.455507	0.050710
-0.628576	0.081277
-1.431646	0.104862
0.903025	0.152419
2.004385	0.018169
0.214453	0.035528
1.975069	0.049073
1.333361	0.072447
-1.214952	0.027361
-1.790113	0.019149
0.034723	0.278473
-0.661173	0.043546
-0.779448	0.049489
0.593271	0.173329
-0.208826	0.047863
-0.329161	0.294414
0.257196	0.275990
0.171099	0.091364
1.683168	0.092179
-0.015936	0.097299
1.144304	0.159146
0.266371	0.112649
-0.711699	0.103483
-0.233240	0.304420
0.483809	0.016767
-0.207815	0.309556
0.622416	0.048981
-1.264486	0.166722
-1.236753	0.078238
1.047773	0.197077
-0.184450	0.339342
-0.650358	0.028798
-0.462503	0.328585
-0.348902	0.015170
0.297670	0.370487
-0.683413	0.182290
-1.117754	0.082621
0.408258	0.310891
0.252638	0.284332
1.573725	0.056594
0.582075	0.259265
-0.225763	0.116942
-0.144911	0.348888
-0.141401	0.208547
0.471506	0.075671
-0.548372	0.037197
0.504885	0.168351
0.931196	0.140403
0.223665	0.299931
-1.682558	0.096228
-0.108786	0.294552
0.403891	0.112145
-0.129690	0.151733
-1.182604	0.186905
-0.629988	0.042806
-0.574999	0.112436
-1.489019	0.019192
1.027765	0.112214
-0.220823	0.016400
0.671549	0.311421
-0.239267	0.145501
0.088434	0.195514
0.497904	0.150554
0.529757	0.128252
0.343466	0.164276
0.779524	0.143179
0.255423	0.265486
0.205297	0.265217
0.146208	0.197436
-0.767965	0.239929
1.204958	0.170276
-1.938028	0.032241
-0.894518	0.133645
0.517683	0.307232
0.966082	0.057688
-0.273981	0.280258
-1.579065	0.069392
-0.134153	0.024955
0.523844	0.236864
0.847216	0.153306
0.145597	0.100298
-0.289984	0.331045
0.288134	0.027182
1.778803	0.020457
-1.393919	0.122976
-2.165117	0.027664
-0.618448	0.264990
-0.722456	0.217896
1.172533	0.160814
-0.732679	0.237626
0.068216	0.288847
0.069761	0.111561
0.054140	0.331788
-0.164804	0.184286
0.964174	0.061571
0.680456	0.057250
0.404367	0.202718
-0.470934	0.037056
0.641394	0.096903
-1.461477	0.020589
0.208616	0.099112
1.131639	0.036077
1.876459	0.036616
2.010221	0.012722
0.329504	0.144707
-1.091490	0.151667
-0.773821	0.276170
0.485811	0.123500
1.503668	0.113030
-1.143026	0.179249
-0.202932	0.295658
-0.491896	0.050451
0.698118	0.090689
-3.278055	0.000115
2.104769	0.010426
0.625830	0.016766
0.627165	0.302100
0.048990	0.250523
1.121740	0.126348
0.522680	0.261346
0.281191	0.280835
-0.695848	0.042205
-0.224009	0.334081
1.167669	0.189735
-0.056772	0.180042
0.043993	0.108548
-0.213022	0.031942
0.088434	0.382592
0.781851	0.052300
-0.694857	0.140975
-0.057383	0.251276
-1.451063	0.080866
-0.095606	0.396093
-0.139837	0.292539
0.049276	0.218139
0.172529	0.284050
-0.667963	0.255816
-0.842524	0.048698
0.795641	0.100385
-0.369253	0.228220
-1.131105	0.154602
1.296415	0.005329
-0.226316	0.225840
0.781012	0.100391
-0.894194	0.141220
0.561934	0.250509
-0.508413	0.259919
-0.092764	0.389631
-0.316648	0.130230
0.267458	0.145696
1.837244	0.006339
2.630434	0.004453
-0.710497	0.045077
-0.992422	0.163180
-1.519213	0.081503
0.730848	0.241066
-0.202246	0.333031
-0.019503	0.209355
-0.736170	0.006813
1.068029	0.170352
0.975523	0.119507
-1.402063	0.002372
-1.719294	0.090475
-0.232153	0.348609
-0.992956	0.241982
-0.636740	0.215382
-0.257063	0.225361
0.348825	0.078538
-1.112070	0.152102
0.752001	0.108124
1.443777	0.039423
2.399092	0.017843
-0.505686	0.248809
-1.252623	0.073144
0.268126	0.254631
1.120882	0.193296
-1.855173	0.048726
-0.832529	0.228883
0.163736	0.353166
-0.758619	0.176782
-0.063543	0.087324
-1.303453	0.016143
0.010576	0.095154
1.074457	0.077441
1.057577	0.021690
-0.423727	0.210766
0.866899	0.158454
0.323267	0.070953
-0.615740	0.220155
0.394182	0.326716
-1.205587	0.062838
0.441999	0.035048
0.572748	0.218830
-0.307703	0.135141
0.891638	0.162900
-0.978231	0.245261
0.692282	0.136607
0.569544	0.182813
-1.448145	0.131333
-0.984507	0.220241
0.586233	0.144197
-0.762415	0.108439
-0.538530	0.342474
2.293386	0.010043
-0.400286	0.032959
-0.386152	0.131656
0.122728	0.152206
-1.532679	0.020291
-0.815630	0.171717
0.362501	0.175278
1.512423	0.027893
0.313234	0.136718
0.181799	0.201655
-0.062857	0.098225
1.031790	0.085156
0.374765	0.364836
1.047029	0.177710
-0.139570	0.182236
-0.588503	0.218179
-0.414038	0.075285
-0.429316	0.316123
1.220140	0.004768
0.924139	0.205335
-0.198317	0.192358
0.237570	0.164213
0.840998	0.051405
1.422606	0.016983
-0.704660	0.132874
-1.270800	0.092924
1.069117	0.179677
-0.242662	0.048944
0.024385	0.246756
0.614042	0.051631
-0.571928	0.321644
-0.708799	0.196031
0.236769	0.107486
1.136122	0.032330
2.429838	0.014134
0.024042	0.043228
-0.003424	0.026093
-1.783304	0.032607
0.480604	0.323739
-2.329359	0.003836
-0.332041	0.038756
0.097017	0.149415
0.196829	0.128737
1.811914	0.036024
-0.587206	0.167779
1.459227	0.059723
0.129900	0.087069
0.045137	0.075467
1.250067	0.052326
0.668783	0.131959
-2.272444	0.001893
-0.801916	0.028920
-1.012964	0.134860
0.344648	0.165017
1.183805	0.066458
0.102835	0.143758
-0.398054	0.064512
1.108313	0.010840
-0.173140	0.209718
-1.491423	0.012260
2.459650	0.015195
0.091753	0.307213
-2.200365	0.005508
0.254946	0.064324
-0.571260	0.300355
-0.739241	0.016409
0.747805	0.277421
0.107298	0.193906
1.074152	0.179769
-0.282087	0.049150
2.789793	0.002883
-0.579519	0.244568
-1.872854	0.051028
0.850191	0.172568
0.219603	0.377417
-1.522226	0.042092
0.726175	0.229726
-0.929060	0.219492
1.188250	0.056105
-0.051908	0.226198
0.048323	0.225358
-0.377512	0.305494
-1.728601	0.074907
0.099325	0.109610
-1.269083	0.136608
0.137873	0.092685
-0.473566	0.351844
-0.274057	0.115176
0.512686	0.278349
1.213655	0.010556
-0.325804	0.268376
-0.182543	0.271041
0.164270	0.015963
-1.002798	0.226954
1.015615	0.082106
0.786333	0.232013
1.763411	0.039210
1.039057	0.215448
0.086946	0.172757
0.162439	0.335356
1.259699	0.096577
-0.732851	0.062488
-0.999670	0.086731
-2.073584	0.008318
-0.708971	0.023284
-0.779619	0.135327
-0.283575	0.290886
0.660048	0.223304
-0.960913	0.208471
-0.652189	0.144334
-2.475080	0.001527
0.947924	0.204731
-0.565062	0.263129
-0.475054	0.199430
-0.438490	0.312777
1.862173	0.009621
1.582479	0.040511
-0.986605	0.170994
0.327444	0.055578
-1.337881	0.130375
-0.849180	0.251378
-0.651083	0.219663
-0.810976	0.111919
0.248575	0.177337
0.332651	0.344734
0.170774	0.166913
-1.149855	0.057160
0.398684	0.065238
-0.708303	0.246265
0.830927	0.108356
-0.210924	0.354458
0.849695	0.066971
0.709143	0.233488
-0.231943	0.163596
-2.389917	0.021120
-0.344496	0.234352
-0.192633	0.388719
1.230707	0.055228
1.112242	0.054425
-0.521822	0.344058
-1.362753	0.127074
-0.972319	0.042284
-0.050688	0.112664
-1.188440	0.016448
-0.987787	0.101829
-0.113516	0.093862
0.319643	0.206418
-0.518408	0.054133
0.965948	0.021063
0.566397	0.066401
-1.723261	0.083511
-1.376810	0.065202
-0.383520	0.292044
0.208750	0.198628
0.172529	0.234806
-0.417318	0.004699
-0.607805	0.102146
0.638227	0.166482
-0.941839	0.074263
0.238390	0.086004
0.648375	0.107448
1.497507	0.094370
-0.243883	0.194432
0.676775	0.255803
1.176252	0.095068
-0.440817	0.221881
-1.180029	0.133018
-1.708879	0.041612
-0.958910	0.234989
-0.306406	0.269689
0.656443	0.200067
0.302382	0.183094
-1.269083	0.142456
-0.262632	0.118768
-0.412302	0.248589
1.892099	0.014334
0.453329	0.358932
-1.401072	0.118763
0.210524	0.179315
1.542940	0.047753
0.426950	0.076548
-1.544752	0.051989
0.945120	0.005983
0.216684	0.384146
-1.010199	0.143342
0.516520	0.034482
-1.353521	0.002868
1.685610	0.028613
-0.771246	0.010279
-0.488958	0.183693
-0.380068	0.076311
1.314096	0.002643
-1.230040	0.125705
1.349115	0.023045
-0.896978	0.119097
2.110376	0.032984
0.232687	0.203916
-0.004759	0.165287
-0.044737	0.324977
-0.366488	0.040782
0.207396	0.119316
-0.620317	0.270641
0.707273	0.210377
0.454321	0.253246
-2.108965	0.013924
-0.866060	0.263247
-0.406179	0.354611
-0.034666	0.394299
-0.866365	0.138548
-0.757627	0.131390
0.827837	0.205047
-0.112925	0.282400
0.535231	0.008065
-0.512819	0.167394
-1.882849	0.013469
0.555544	0.152606
-0.422468	0.100055
-1.091490	0.082880
0.290594	0.075826
0.368547	0.341751
0.094042	0.049950
-0.471087	0.117462
1.027193	0.183110
1.079531	0.164737
-0.983839	0.116530
1.469831	0.105466
1.675291	0.023404
-0.202665	0.312824
-1.089697	0.019705
-0.814276	0.205357
0.158453	0.329206
-0.999537	0.078236
0.220079	0.021722
-1.642828	0.094405
0.861521	0.024788
0.248365	0.095891
-0.917730	0.011924
0.911760	0.177703
2.051630	0.046990
0.248098	0.324271
2.579546	0.002013
-0.714846	0.235412
0.318689	0.358219
-1.300573	0.150169
1.247740	0.089532
-0.728941	0.028352
1.272497	0.118285
-1.040220	0.168171
-0.268812	0.295140
0.973845	0.086699
-0.438070	0.003216
-0.455160	0.027660
-0.174017	0.101410
2.588797	0.012437
0.004568	0.139454
-1.877375	0.061906
0.522604	0.027789
0.406466	0.148957
0.280447	0.087019
1.128969	0.203039
0.873499	0.103937
-0.207872	0.264585
-2.660856	0.007109
-0.121851	0.274731
-0.034113	0.321846
-1.970701	0.044096
1.138659	0.027295
1.544752	0.036203
0.842314	0.039187
0.335455	0.120218
-0.740385	0.083623
1.329718	0.023875
1.627932	0.092752
-0.837049	0.001322
-1.624155	0.042707
-0.321226	0.074156
-1.110010	0.111566
-0.047445	0.147021
1.023493	0.057354
0.982656	0.095466
-0.130777	0.060838
-0.699110	0.293207
0.654593	0.050901
-0.702047	0.082178
0.349436	0.163973
-0.332918	0.194671
0.394659	0.305109
2.023268	0.048407
0.511236	0.021358
0.719461	0.164887
1.319780	0.088546
-0.540514	0.215891
0.871363	0.236668
0.612955	0.302461
0.947924	0.162254
2.044077	0.045359
-0.074301	0.228542
0.505171	0.308592
0.795832	0.246280
-0.894976	0.129194
-0.360231	0.141279
0.703993	0.271230
-1.153955	0.019289
-1.518793	0.119713
0.150251	0.133066
1.240835	0.175224
-0.817099	0.118557
0.099325	0.330048
0.269766	0.371919
0.451288	0.066755
-1.274958	0.081884
0.775461	0.136509
1.161909	0.137814
0.326071	0.183220
-0.442209	0.322754
-1.306620	0.133561
0.367308	0.058771
-1.183405	0.093726
0.212011	0.274845
-0.297956	0.096481
-1.330004	0.152362
1.218824	0.082924
0.377798	0.078195
1.050310	0.141410
0.465841	0.147165
0.712805	0.025371
-0.841303	0.253773
1.179037	0.190222
-0.645666	0.010720
0.818968	0.059731
-0.781660	0.043785
0.443964	0.211796
0.260515	0.108657
-0.382490	0.067869
-1.735373	0.043167
0.574846	0.054577
0.138617	0.067934
0.202322	0.339746
0.939798	0.201131
1.604643	0.004104
-1.560869	0.065847
1.580038	0.050039
-0.585546	0.232033
-1.591921	0.077077
0.216208	0.236989
0.273848	0.004065
-0.575228	0.081713
0.744085	0.162744
0.268335	0.075540
1.655893	0.043589
-2.653990	0.007435
-0.758352	0.234644
0.900660	0.198696
0.381384	0.067573
-0.243273	0.188054
-2.208681	0.030087
0.665789	0.241126
-0.026484	0.150935
0.669756	0.166925
0.556211	0.016590
0.500994	0.151345
2.188902	0.032272
-0.897856	0.188361
-2.044077	0.048030
-1.274214	0.160529
1.050024	0.180489
2.276201	0.029382
0.861101	0.017398
0.288267	0.254508
-1.630106	0.057964
-0.841913	0.119334
-1.309004	0.098276
-1.141024	0.181570
-0.049334	0.380149
1.006346	0.029699
-0.586596	0.115073
1.118784	0.120276
1.049719	0.087952
-0.285215	0.105819
0.794497	0.155138
0.388651	0.018708
0.538378	0.342959
0.787821	0.283182
0.990839	0.123685
-1.194162	0.073763
-0.110483	0.053802
-0.369596	0.104340
0.563269	0.018570
0.856619	0.185946
1.378374	0.013195
-0.600061	0.191564
-0.664320	0.306994
2.004385	0.046410
1.363058	0.043581
0.743475	0.238641
0.570288	0.080703
-0.467253	0.303274
-0.412092	0.306541
-0.692186	0.113065
0.843439	0.059080
0.376062	0.275827
-1.472139	0.060161
-0.362215	0.307964
1.182604	0.149752
-0.648603	0.227782
-0.385122	0.357812
-0.249319	0.085026
0.295572	0.198505
0.965948	0.035586
-1.310873	0.126764
-1.436605	0.108111
-0.100737	0.314624
-0.889997	0.253367
-1.664019	0.014233
0.240831	0.012020
1.507387	0.061457
0.162230	0.193942
0.793562	0.201349
0.188093	0.008774
0.236559	0.374311
-0.256376	0.318788
-1.807165	0.009034
0.159864	0.024309
0.280104	0.023369
-0.209036	0.240122
-1.275206	0.117653
0.519342	0.323102
-1.085310	0.155295
-0.131311	0.295289
-0.564470	0.218302
0.919695	0.202777
1.941099	0.040083
0.356112	0.049820
0.408964	0.355789
1.298494	0.118856
-1.049719	0.054209
0.874243	0.003971
-0.194197	0.065633
-0.153513	0.007853
0.130091	0.206629
-1.365156	0.048526
0.598993	0.327342
0.747194	0.220567
1.117392	0.099149
-0.315065	0.180699
-1.125784	0.069226
-0.875216	0.085840
-1.114130	0.134671
0.337038	0.047715
-0.002394	0.055202
0.687456	0.156369
1.661100	0.098575
-0.058336	0.046069
-1.261606	0.111503
1.384954	0.068170
-0.166159	0.240079
-0.040407	0.151283
-1.654158	0.024620
-0.685072	0.168334
1.237898	0.022644
1.229582	0.039874
0.070772	0.113039
0.747900	0.276990
0.154123	0.204891
1.462603	0.083444
0.327387	0.201474
-1.944189	0.027101
0.326567	0.137714
-0.379725	0.205432
0.825071	0.224882
-1.515379	0.011475
-1.402388	0.052734
0.882006	0.251421
-0.823298	0.236122
-0.483389	0.212620
0.465612	0.345308
2.650576	0.007038
1.301355	0.107672
-0.874472	0.258630
0.870295	0.197795
1.178045	0.150870
-0.975657	0.206175
-0.302591	0.309970
0.925417	0.130795
-0.078821	0.223727
-0.767317	0.236327
-0.622568	0.011796
-0.128603	0.324831
0.633745	0.275444
0.022821	0.118290
0.540209	0.252051
0.193186	0.213552
-0.295572	0.366884
0.607023	0.282351
-1.514120	0.099577
0.938234	0.083324
0.071859	0.135334
1.331396	0.106398
0.287867	0.094562
0.914736	0.144747
0.819063	0.090853
0.944986	0.211446
-0.575075	0.065492
-1.204329	0.025950
-0.786886	0.125431
0.746565	0.238927
0.803556	0.282471
0.662718	0.312239
-0.777121	0.272396
-0.763140	0.032539
1.222754	0.061410
-0.057592	0.367477
-0.526247	0.015429
1.356478	0.133926
0.411043	0.339777
0.737925	0.032604
1.264486	0.036463
-0.475206	0.253652
0.225019	0.040081
-1.026907	0.221324
1.395540	0.034867
0.457850	0.351401
1.467543	0.122483
-0.045481	0.005190
1.528730	0.044761
1.059084	0.167706
-0.770063	0.054740
0.620775	0.297498
-0.988455	0.112300
0.001860	0.042996
-1.996336	0.042864
-0.412855	0.337384
1.370344	0.047797
-0.426035	0.233160
1.727266	0.086835
0.582457	0.281295
0.145464	0.334714
1.302919	0.131667
0.045748	0.159488
-0.678072	0.281119
2.243242	0.024406
0.866690	0.091729
-0.289907	0.297162
-1.673498	0.006278
-0.048990	0.123363
-0.307016	0.312748
0.929651	0.107743
1.341887	0.074976
1.722612	0.060392
-1.504488	0.052655
0.308104	0.136054
-0.880270	0.236516
1.198702	0.172264
0.771055	0.209755
-1.710176	0.069654
0.354929	0.194869
0.448885	0.049705
-0.546103	0.073564
1.380548	0.006064
-1.807947	0.024660
-0.201235	0.140789
-2.104769	0.028157
-0.231810	0.323291
-1.425714	0.091446
0.402784	0.240117
-0.460253	0.225892
-0.000906	0.096313
0.484247	0.115395
-1.200151	0.109751
-1.503668	0.016882
-1.638365	0.059542
0.977201	0.243223
0.019789	0.078831
0.093508	0.005943
-0.948782	0.035537
1.595964	0.000995
-0.047789	0.363217
0.460749	0.185874
-1.190481	0.175377
-1.169996	0.200890
0.480967	0.084899
-1.030779	0.017854
0.314322	0.178619
-0.689363	0.202218
0.958910	0.196594
-2.030516	0.028493
1.321154	0.034527
1.020384	0.080353
0.796595	0.227799
1.407366	0.113318
-0.635557	0.193224
0.557184	0.194151
0.144110	0.233782
0.339766	0.019799
0.793180	0.061898
-0.266504	0.372675
-1.510324	0.083454
-1.186419	0.130925
0.368013	0.022093
1.907282	0.063247
0.817099	0.113202
-1.033964	0.179765
-2.352438	0.000644
0.961657	0.002329
0.875101	0.073612
0.726957	0.145158
1.079054	0.119417
-0.387392	0.337441
-0.604258	0.071476
-0.814085	0.117907
0.482950	0.222421
1.235399	0.118467
0.460024	0.041986
1.723928	0.018969
-0.994825	0.112501
1.152830	0.074004
-1.962080	0.019880
0.542707	0.180585
-2.169790	0.033711
-0.402842	0.347402
-0.993223	0.026786
0.415087	0.131689
2.120333	0.024500
1.081285	0.097206
0.783243	0.179642
1.744299	0.052062
1.113272	0.036617
0.146265	0.369544
0.937262	0.067274
-2.538004	0.015325
0.064631	0.300010
0.361338	0.022121
0.385599	0.198984
1.725931	0.041903
0.031214	0.130727
-0.170908	0.377567
0.190668	0.348928
-0.159998	0.187169
-1.444864	0.093365
-1.514120	0.004945
0.531569	0.212589
-0.292845	0.080500
0.482168	0.234240
-0.675211	0.254460
-0.965567	0.219645
0.046625	0.273428
1.715364	0.020236
-0.193796	0.253994
-1.087904	0.009045
-0.930014	0.230236
0.689116	0.113864
2.509890	0.008179
-0.410833	0.104019
1.159048	0.146219
-0.632486	0.204967
-0.310431	0.017293
0.539923	0.082196
-2.678385	0.004250
-0.054407	0.006146
-1.232710	0.052262
0.374556	0.048109
-0.265074	0.327391
-1.768484	0.031925
-0.722036	0.285528
2.236166	0.006314
-0.103178	0.358018
-0.286512	0.227048
0.347319	0.358895
0.300055	0.014840
0.355825	0.266204
0.058870	0.326192
0.101690	0.379095
-0.701723	0.185837
1.546106	0.044882
-0.822001	0.080735
1.701841	0.023090
-0.580873	0.170647
-0.815058	0.091183
-1.278181	0.074040
-0.600748	0.272548
-0.705423	0.261801
-0.457773	0.343968
1.909208	0.050665
0.830927	0.078396
0.497122	0.062981
-0.538607	0.058619
0.574408	0.141007
0.350885	0.075969
-1.031351	0.209750
0.454950	0.008174
1.110868	0.020559
0.934038	0.030735
-0.526247	0.066053
-0.746832	0.101013
-0.994158	0.215857
-0.444536	0.054439
-0.628729	0.037687
-0.301428	0.229898
1.036272	0.126275
0.878115	0.032546
0.857458	0.252726
-1.208124	0.009836
-1.620398	0.087151
-1.515818	0.004423
-0.145788	0.050569
-0.227880	0.059535
0.372286	0.346417
0.998602	0.021994
2.160463	0.025850
0.675383	0.171522
2.585688	0.012613
-0.493689	0.266198
-1.354990	0.101506
1.369410	0.074191
-0.788393	0.108099
0.827055	0.273871
0.521307	0.215530
-0.039606	0.396357
-0.306196	0.244002
-0.918322	0.107537
0.381460	0.046874
0.026064	0.272820
-0.947065	0.036359
0.352125	0.071898
0.946207	0.022578
-0.122995	0.327628
-1.026907	0.207995
0.201654	0.207013
1.755533	0.032456
-0.121508	0.045277
-0.922384	0.217682
-1.462984	0.071383
0.144033	0.222422
-0.707960	0.223004
-1.200972	0.148402
0.287790	0.135164
2.781515	0.007386
-0.630293	0.108226
1.653013	0.084321
-1.705675	0.008167
0.067396	0.077177
0.076113	0.008002
-0.125494	0.146608
0.474138	0.230221
0.268126	0.111567
0.451078	0.188393
-0.528727	0.045258
-0.366144	0.223118
-0.334558	0.264290
-2.174501	0.026094
0.143423	0.037587
-0.279760	0.112181
-0.752172	0.000922
-1.483450	0.090405
-0.855169	0.220199
-0.901098	0.023920
-0.603495	0.075077
-2.234411	0.008767
0.862150	0.174404
0.664968	0.038074
-0.124884	0.187652
-0.567884	0.213058
-1.903448	0.014678
-0.986071	0.176182
0.334024	0.048910
1.191492	0.038325
1.268110	0.103875
-1.303453	0.065384
-1.554823	0.111231
0.984240	0.191969
-0.345526	0.148385
3.064661	0.002731
1.552973	0.047246
0.057116	0.212687
-0.554876	0.235559
1.377745	0.012950
1.026049	0.050578
1.642828	0.056781
-0.958910	0.103120
0.707273	0.190295
1.716013	0.053619
-0.916929	0.111461
0.890989	0.254959
0.553541	0.083727
-0.159464	0.209887
1.328611	0.048913
0.811548	0.010090
0.980711	0.009112
0.122652	0.342934
0.128145	0.035448
-0.828238	0.220022
-0.635080	0.141937
-0.625143	0.228499
-0.162706	0.336600
-0.532961	0.298918
0.563192	0.161110
2.714815	0.009567
-0.209227	0.262460
0.735388	0.028937
0.741625	0.249101
0.591993	0.256405
0.068140	0.280265
-0.905619	0.178552
1.261606	0.084786
1.816721	0.062360
0.297327	0.171312
0.215330	0.381765
0.082216	0.001247
0.144033	0.269863
0.239210	0.367495
0.497847	0.075825
1.142302	0.170642
-0.154390	0.088522
1.591425	0.103168
0.547342	0.253118
0.166769	0.228198
0.619230	0.012790
0.505743	0.014940
-0.848856	0.268475
1.936998	0.023716
0.421572	0.125432
-0.498419	0.136291
0.086870	0.089205
-1.975069	0.031984
-0.288744	0.234601
-0.369596	0.088401
0.061922	0.226400
-1.277685	0.007855
0.488749	0.248137
-0.732069	0.073539
-0.380564	0.114638
0.260515	0.031168
-2.832708	0.002768
1.425714	0.133502
0.847216	0.235546
-0.548086	0.314062
1.781054	0.030110
-1.204958	0.107134
-0.224409	0.143208
2.462187	0.004850
1.157541	0.103417
-0.133410	0.168596
-0.713472	0.299729
0.512686	0.281468
-1.287966	0.010741
0.537500	0.332589
0.214186	0.157851
-2.963095	0.001894
-2.664328	0.007634
0.355082	0.118551
1.848269	0.057087
0.252981	0.289869
-0.205984	0.269696
-2.307119	0.024040
0.207129	0.152279
-0.762606	0.265202
-0.085039	0.140201
-0.943651	0.132758
0.152502	0.214516
-0.379858	0.352119
2.968397	0.003125
-1.725931	0.025059
0.586004	0.185819
0.744886	0.035956
0.735388	0.135333
0.495825	0.028598
0.213442	0.096461
-0.170698	0.139365
0.723162	0.088629
-0.273504	0.294655
-0.979795	0.091930
-0.870714	0.264817
0.325403	0.124977
0.554514	0.012767
0.244913	0.088977
2.158918	0.037697
-2.354574	0.021723
-0.814466	0.036622
-0.390863	0.087742
0.263033	0.100385
-0.491171	0.022576
-0.259581	0.222927
-1.279669	0.156643
0.719538	0.162677
0.859232	0.238800
0.480394	0.305737
-1.308737	0.028604
-1.240168	0.125343
-0.414114	0.176618
-1.020803	0.095977
0.538149	0.293358
1.154528	0.178975
-1.420202	0.027167
-1.311941	0.109590
0.272150	0.286614
-0.186071	0.049865
-0.478907	0.153694
-0.193987	0.212910
-0.488234	0.057282
-1.385603	0.002945
-1.016169	0.054077
0.953321	0.158415
2.035418	0.046781
0.573645	0.262906
-1.446676	0.136817
0.845785	0.017567
-1.408033	0.013213
-0.722895	0.014461
0.599222	0.294875
-1.474066	0.110211
-0.726175	0.033301
-2.385397	0.012011
-1.678305	0.093707
0.710249	0.118423
0.677919	0.206360
-0.654116	0.255845
0.838270	0.240572
0.054216	0.027601
-1.575651	0.071890
-0.212488	0.180980
-1.693659	0.069338
1.327486	0.064667
0.026064	0.145862
-0.554667	0.326674
0.837965	0.130063
-0.054541	0.088340
-1.001844	0.226522
0.511026	0.107698
-1.782541	0.045489
-0.456152	0.122913
0.361605	0.334851
1.428156	0.118210
0.468588	0.258529
0.239687	0.101718
0.236292	0.086823
-1.967440	0.050135
-0.875750	0.164369
-0.539179	0.213144
0.341692	0.289774
-0.457144	0.127952
0.065908	0.354254
-0.974874	0.198400
-1.800890	0.013985
0.769053	0.103100
-0.287790	0.227251
1.446314	0.123047
1.000891	0.048433
-0.654440	0.034617
-1.966372	0.044767
-0.016947	0.279459
-0.640593	0.282557
-1.095762	0.004560
0.109053	0.125665
1.557131	0.099947
1.341314	0.002778
0.343065	0.037833
1.245432	0.176522
1.323347	0.060938
1.067724	0.051009
-0.253191	0.022233
-1.271524	0.069450
0.568113	0.213315
0.495329	0.298076
-0.852156	0.017863
-1.126127	0.107245
0.249929	0.070207
0.113859	0.135083
-0.673819	0.163743
-2.488241	0.008104
-0.028105	0.120290
0.776014	0.100341
1.083059	0.143293
1.228266	0.003239
-0.064955	0.091731
-1.800890	0.022039
0.574408	0.193979
-0.829744	0.179443
1.967440	0.017047
0.418367	0.325614
0.722380	0.300383
0.295153	0.224698
-0.832644	0.028294
-0.944757	0.200613
0.050287	0.312886
-0.134363	0.120918
-0.382490	0.188221
-1.909208	0.043120
-0.056028	0.080454
-1.637259	0.048127
1.255445	0.152376
-1.678915	0.019861
0.553408	0.226153
0.880823	0.148244
1.015749	0.162524
-1.453657	0.085202
1.784792	0.012430
1.627932	0.094902
0.704908	0.221937
1.052427	0.229034
0.221701	0.040376
2.248602	0.019862
1.307154	0.005836
-0.536108	0.308162
-1.119299	0.178237
1.169806	0.151188
-0.578756	0.277179
-0.488176	0.319145
-0.215807	0.282355
-0.226183	0.288302
-1.655893	0.033429
0.798769	0.246020
-0.340109	0.242639
0.564833	0.069075
-0.370493	0.360372
2.120333	0.030050
-1.149664	0.121619
0.893641	0.214114
-0.879526	0.140410
-1.926908	0.060812
0.210447	0.352554
0.781107	0.034713
-1.384020	0.116494
2.561426	0.009176
0.217505	0.231249
0.041628	0.374757
0.739679	0.128770
-0.894403	0.125115
0.389948	0.224205
-1.240606	0.128498
-0.104055	0.248756
1.332521	0.108792
0.668612	0.262320
-0.929651	0.201695
-0.578680	0.082718
-1.403055	0.030079
-2.130461	0.009042
0.562220	0.053034
-1.523523	0.085771
0.008211	0.115448
0.510149	0.332711
-1.946268	0.055795
-1.434832	0.063620
0.761423	0.209720
-0.484743	0.032559
-0.115213	0.078237
-2.291460	0.012608
-1.824026	0.070662
-0.283651	0.156216
0.100737	0.354775
0.548162	0.262433
1.369410	0.004403
-0.530329	0.212064
-0.157499	0.283170
0.066519	0.375360
-0.266161	0.379176
-0.679636	0.219710
-0.657721	0.017096
0.766325	0.023628
-0.914621	0.244268
1.538000	0.077878
0.833044	0.169660
-0.634756	0.116510
-0.150671	0.061722
1.459970	0.043635
0.342169	0.191509
1.202860	0.082476
0.538816	0.202466
0.631380	0.118280
0.586596	0.091276
1.564646	0.011459
2.335558	0.002954
0.160208	0.331312
-0.444250	0.107353
0.446005	0.269408
0.189924	0.040450
0.010519	0.278097
0.976553	0.147145
0.488176	0.257061
0.027552	0.080715
1.850843	0.064563
0.981627	0.120405
-0.644388	0.143254
-1.401415	0.136029
1.569395	0.004960
-1.567965	0.110940
0.439692	0.332330
-2.806654	0.002019
-0.569162	0.102726
-0.207739	0.288634
0.788660	0.078687
0.124407	0.191508
-0.291891	0.022739
-1.061087	0.218666
-0.637369	0.105938
-0.627317	0.009967
-2.299242	0.014148
0.124750	0.137421
-0.807676	0.283672
0.577250	0.098222
1.034536	0.099269
1.122103	0.088917
-0.333948	0.375195
0.508699	0.020651
-0.839071	0.171609
1.699934	0.068643
0.400496	0.180531
1.374025	0.133353
0.320539	0.071237
1.164980	0.017833
0.092764	0.117730
-0.213842	0.181636
0.078077	0.183864
-0.423594	0.305685
0.476980	0.038702
0.432959	0.132592
-1.020651	0.101430
0.093832	0.329968
0.161028	0.241723
2.005548	0.034113
-0.496340	0.252208
0.909128	0.234714
-1.117563	0.060514
0.294752	0.377850
-0.677996	0.034538
0.067530	0.268727
1.973982	0.035265
-0.868921	0.193449
0.416136	0.133142
-1.676493	0.027016
2.169790	0.025583
1.113100	0.088919
-0.455027	0.044398
-1.607237	0.003582
0.897188	0.196077
-1.104937	0.174918
1.116533	0.169611
-2.130461	0.009703
-0.890436	0.138550
0.992956	0.077461
-0.266714	0.019875
0.032835	0.327384
0.516729	0.022517
-1.177454	0.197633
0.116835	0.182242
1.267385	0.156094
-0.534124	0.218211
-1.103926	0.080172
1.272249	0.127666
-0.473146	0.067587
-1.656466	0.080177
2.380896	0.018329
-0.783625	0.031770
-0.128889	0.375205
-1.071310	0.147176
-0.759535	0.053817
-0.452833	0.287603
0.545568	0.216767
0.640917	0.029991
-0.818281	0.279548
-1.166697	0.105876
-0.445452	0.304271
0.122786	0.043827
-1.408358	0.002015
-0.087824	0.084189
0.506544	0.296607
-1.153955	0.174654
0.964308	0.114248
0.641069	0.074137
0.173883	0.058425
0.738192	0.039813
0.196562	0.213009
0.701132	0.150420
0.833445	0.122208
-0.215673	0.145113
1.419859	0.101440
-0.334368	0.342585
-1.814318	0.037195
-1.604128	0.082963
0.563116	0.137646
0.355616	0.304738
2.696352	0.008255
-0.139780	0.385454
-0.653639	0.088826
0.099382	0.104131
-0.040407	0.183117
1.270552	0.039300
-1.313829	0.143769
-0.022211	0.131365
1.120176	0.002770
0.779905	0.165304
0.013628	0.375048
0.742769	0.174216
0.142202	0.010926
0.284262	0.015698
-0.308256	0.114559
-0.084581	0.334789
0.505095	0.334735
-1.109838	0.117643
-1.804800	0.068274
2.692728	0.002277
2.323198	0.021871
0.221834	0.317309
-0.921564	0.080075
1.989527	0.033384
0.180044	0.213075
0.619230	0.081516
0.824080	0.126273
0.512400	0.185168
1.542482	0.084151
-0.765772	0.189613
0.055838	0.112345
0.729647	0.080827
-0.771513	0.243235
0.566168	0.251133
-1.271772	0.027630
0.696688	0.052373
-1.402063	0.129547
1.892099	0.038297
0.290384	0.062182
0.050421	0.267542
0.915308	0.138073
0.851641	0.164850
0.747900	0.185323
0.498705	0.233829
0.088835	0.218388
-1.112757	0.033213
-1.255445	0.177481
0.683908	0.249849
1.274214	0.072766
-0.203066	0.262979
-0.831842	0.229010
0.828047	0.274458
-1.781054	0.024470
-0.046091	0.009770
-0.579519	0.330520
1.360044	0.048897
-0.666590	0.140794
0.994158	0.159084
0.005312	0.298218
1.706953	0.000852
0.287046	0.054081
1.062918	0.049772
0.014772	0.348143
-0.129156	0.002319
-0.174685	0.024824
1.263285	0.078178
-0.471640	0.307252
0.827341	0.141870
-0.513697	0.197352
1.231604	0.023812
2.035418	0.005871
-1.036272	0.132092
0.845690	0.210861
0.005102	0.240464
-0.058260	0.194248
2.685518	0.002047
0.020666	0.292071
1.060934	0.004348
1.491022	0.075936
-0.121374	0.103539
1.095095	0.132075
-0.151548	0.166185
1.143751	0.051691
-0.161772	0.146283
0.660448	0.235957
-0.528650	0.129701
-0.004911	0.180914
0.776663	0.080567
0.000105	0.359218
-1.232271	0.138972
0.137339	0.311038
-1.317606	0.011788
1.463747	0.082701
-1.754122	0.053271
-0.525732	0.029952
-0.017214	0.172332
-0.463495	0.114900
-1.735373	0.022842
0.530252	0.172576
2.007875	0.005145
1.718645	0.015017
1.099901	0.067928
-1.654730	0.039858
0.658922	0.217692
1.649599	0.052940
1.781054	0.055998
0.622950	0.247821
1.556215	0.019811
-1.037588	0.072849
0.174417	0.383217
0.156965	0.129605
0.066252	0.055143
-0.083895	0.086973
-0.243006	0.175027
-1.045694	0.162598
-3.611116	0.000039
-0.572462	0.286759
-0.142622	0.177738
-1.139193	0.091552
0.072336	0.022759
-0.664816	0.267891
0.624037	0.040003
1.904402	0.029527
0.176115	0.233340
0.061979	0.155514
1.334486	0.140930
-0.510874	0.219158
-1.364565	0.068685
1.001577	0.073293
-0.174494	0.347878
-0.420599	0.358579
0.255423	0.326892
-1.211519	0.068649
-1.881018	0.039469
0.071726	0.271769
-0.729456	0.013941
-0.318346	0.030477
0.916109	0.256389
-1.763411	0.001171
1.339025	0.057926
-1.031218	0.184568
1.173906	0.167433
1.342173	0.115891
-0.632010	0.050782
-0.378904	0.123372
0.002527	0.259948
0.248098	0.353732
1.098413	0.204900
-0.038385	0.138932
-0.400705	0.151042
0.492887	0.343798
1.359453	0.104696
2.096453	0.009692
0.436468	0.314380
0.801630	0.152170
-0.907431	0.208161
-1.077299	0.195715
-1.051359	0.222682
-0.017614	0.255367
0.134706	0.199577
-1.854296	0.028808
-1.411028	0.055940
1.010618	0.167926
0.681105	0.039605
1.223631	0.167213
0.416899	0.001660
-1.858664	0.037408
0.445719	0.092601
-0.148020	0.262692
-0.272970	0.227085
-2.054167	0.033820
0.331545	0.330064
-1.127195	0.067493
1.988401	0.039183
-0.653563	0.296778
-0.759249	0.217155
0.951719	0.095016
2.134867	0.011152
-0.087290	0.123791
0.766764	0.104882
0.396395	0.163483
-0.190477	0.165127
-0.240564	0.375703
-0.092497	0.371629
0.902109	0.206351
-0.792894	0.104999
-1.637812	0.068206
0.504026	0.030857
1.352930	0.134465
2.591906	0.012058
0.343676	0.255828
1.625776	0.004538
1.282911	0.134407
0.715685	0.002343
-0.478907	0.290972
0.196352	0.069074
-1.398134	0.099573
0.434561	0.287529
0.000372	0.158589
0.223951	0.359994
0.701799	0.084977
2.810926	0.002479
0.612574	0.309390
-0.129824	0.026868
-1.059561	0.106036
0.376692	0.343432
-0.336409	0.168235
-0.080252	0.352796
0.494833	0.007823
-0.654268	0.166006
0.522032	0.104984
-1.165934	0.043520
-0.862055	0.006257
-0.296526	0.309682
0.626535	0.080188
-0.478678	0.342263
0.504103	0.279011
0.425959	0.204199
0.143690	0.062336
2.469893	0.015932
0.314188	0.178479
0.112028	0.382120
-0.537138	0.090411
0.884085	0.016630
0.526609	0.140910
-0.493536	0.132602
-1.038771	0.152723
-1.015329	0.120173
-0.838881	0.071996
0.659170	0.070336
1.005392	0.122739
-0.281401	0.277257
0.062590	0.038733
-1.237211	0.162992
0.738802	0.017535
-1.872854	0.000983
-0.757189	0.247243
0.738020	0.241033
1.698675	0.014139
1.177244	0.158447
1.987276	0.025314
0.500422	0.000682
-0.942812	0.149617
0.841398	0.149714
-0.660620	0.294514
-1.998625	0.053396
-1.849127	0.064779
0.422125	0.217441
0.887136	0.184065
-1.333647	0.122823
-0.004015	0.282330
0.918779	0.190858
-3.023539	0.004015
-1.397810	0.111959
-0.168810	0.217442
1.914072	0.022923
0.028372	0.302595
0.539408	0.236959
1.234732	0.038121
0.744524	0.176382
-0.382757	0.220823
-0.871687	0.156970
-0.772810	0.273452
0.281267	0.095570
-1.189661	0.152771
-1.587934	0.074427
0.377111	0.253146
-1.076040	0.222153
-0.598993	0.126067
0.286169	0.069579
0.885725	0.038963
1.109838	0.175613
-1.376505	0.024791
-1.501589	0.020167
-2.000914	0.019826
0.532751	0.099061
-0.402079	0.233549
-0.662069	0.040784
-0.175581	0.332751
-1.566057	0.088475
-1.323900	0.012268
1.417799	0.053784
0.161695	0.189743
-0.347452	0.350172
-0.815840	0.220526
0.092497	0.382210
-0.354319	0.228313
-1.469450	0.105807
0.256987	0.270827
-0.938711	0.176226
-0.518904	0.129351
0.756922	0.135462
1.556215	0.076334
0.617590	0.207697
0.600367	0.283994
0.882235	0.171846
0.637197	0.303029
0.739164	0.287110
-1.343622	0.026868
-0.130033	0.112401
-1.240168	0.025827
-0.021887	0.120841
-0.108728	0.069486
-1.636152	0.042774
-0.122862	0.034493
1.089201	0.125487
0.004492	0.314483
0.349092	0.368560
-1.743612	0.079190
-0.419474	0.220588
1.036863	0.090536
-0.840998	0.131721
0.161028	0.247314
0.180521	0.068350
1.896811	0.022130
-0.812235	0.091488
1.916018	0.061671
0.307016	0.196908
0.292368	0.254291
0.229292	0.031052
1.389093	0.089735
1.039057	0.031407
0.274935	0.303039
1.073351	0.054378
1.526556	0.010144
0.754766	0.242027
1.012678	0.112187
-0.962553	0.031279
-1.599512	0.084850
-0.028448	0.338256
-0.717230	0.233041
1.025343	0.212422
-0.203753	0.279066
-0.249796	0.307718
0.752344	0.124698
0.305586	0.267415
1.413736	0.143471
0.221224	0.291836
1.637812	0.066416
0.381727	0.119805
0.089579	0.311389
-0.189924	0.150131
-1.059084	0.117030
0.247679	0.175730
-0.214376	0.075772
1.074781	0.192147
-0.782595	0.032027
-0.595713	0.113145
0.554209	0.033885
-1.308470	0.022840
0.790834	0.125044
0.198603	0.036850
-1.107817	0.018672
0.060091	0.041749
-1.392622	0.105886
0.118933	0.156326
-0.767145	0.041927
0.194120	0.112100
-0.938101	0.228106
0.024252	0.341619
-1.356478	0.021921
-0.629282	0.188219
-0.293589	0.233396
1.448507	0.102997
0.080385	0.332415
0.869551	0.092583
-0.379114	0.327916
-0.160685	0.004027
-0.361605	0.099170
-0.022497	0.029138
-2.185678	0.022303
1.141939	0.028129
-0.385180	0.143089
0.953074	0.086671
-0.301085	0.246182
0.253458	0.358319
-0.046358	0.191437
-0.316648	0.369622
-0.807867	0.061037
-1.580038	0.088405
0.796785	0.117639
0.638933	0.316254
-0.375872	0.243291
-0.073557	0.329462
1.493845	0.031228
-0.542192	0.219015
0.995512	0.241852
-1.178827	0.188264
1.408701	0.001544
0.524721	0.111221
-0.250330	0.109596
-0.792608	0.122962
1.570349	0.045947
0.441236	0.205229
-0.693846	0.086476
0.612040	0.189467
1.250753	0.132924
0.158377	0.366728
-0.214930	0.065847
3.310175	0.000534
0.998182	0.011290
-0.702391	0.258961
0.524282	0.209313
1.007299	0.063613
-0.388918	0.089567
1.881018	0.042079
0.896196	0.233005
-0.882006	0.174839
-3.202848	0.000442
0.661097	0.226120
-0.368624	0.352307
1.009092	0.055099
-0.067797	0.255274
-1.971788	0.041821
0.314875	0.269131
-0.185862	0.295111
-1.351461	0.150877
-0.516367	0.301973
-0.337038	0.166845
-0.206327	0.165161
0.362635	0.133065
-0.194254	0.321563
-0.522032	0.091112
0.712461	0.253189
0.549040	0.236434
2.276201	0.018599
-0.888681	0.092421
-0.678396	0.102591
-0.867853	0.262277
-1.917009	0.005836
-0.474348	0.247945
-0.361395	0.087315
1.357965	0.120659
0.562372	0.303098
-1.406698	0.130028
-0.046301	0.031225
-0.331697	0.174510
0.907202	0.112956
0.240965	0.297822
0.512094	0.285594
-0.544024	0.122545
-0.717058	0.113001
0.508642	0.343095
0.000372	0.264093
0.494833	0.111626
0.102301	0.059834
1.157351	0.005530
-0.025473	0.080222
1.094618	0.052554
-0.168943	0.204463
-0.950613	0.239204
-0.977335	0.084823
-0.368700	0.095135
0.555983	0.263686
-1.296663	0.088745
-0.743742	0.172027
-1.477556	0.070472
-1.316252	0.149288
-0.841303	0.198838
-0.068617	0.031456
-0.135450	0.149059
1.863050	0.033931
0.790262	0.198816
0.208349	0.089563
0.130033	0.175268
1.872854	0.016986
-0.880060	0.049600
1.046133	0.082438
-0.641069	0.279088
-0.917158	0.242507
-0.664568	0.206359
-1.040087	0.021588
-0.795259	0.191230
1.945219	0.056353
-1.983919	0.035347
0.661898	0.023375
-0.175428	0.177296
-0.847425	0.034775
0.861425	0.223861
-0.576735	0.320223
1.173906	0.019792
0.161905	0.057714
2.452059	0.001479
-1.248655	0.054632
-0.568037	0.264215
-0.189867	0.060284
1.909208	0.042213
-1.238565	0.162251
-0.002813	0.336053
0.746565	0.298984
1.184816	0.070407
-0.733728	0.140397
-0.095797	0.343388
0.494680	0.198512
-1.096258	0.217965
0.902338	0.257124
0.964556	0.082521
1.715364	0.088141
-0.380011	0.352590
0.033712	0.062856
0.038118	0.079729
-0.037985	0.213124
1.828108	0.070887
-0.773268	0.103089
-0.707541	0.102792
-1.422606	0.131519
0.769053	0.044762
-0.496912	0.024403
-0.858183	0.146072
-0.369310	0.326500
-0.580339	0.116655
-1.554823	0.027979
0.740652	0.020815
0.099459	0.067198
0.930243	0.232792
-0.280371	0.048236
0.267115	0.005250
0.294275	0.194416
-0.654192	0.177951
1.315718	0.126917
-1.380873	0.096635
-0.481958	0.134708
0.072336	0.267072
0.107775	0.236258
-1.462984	0.117218
-0.745230	0.284202
1.048231	0.144048
-0.455523	0.052367
-0.950003	0.086234
-2.591906	0.000598
-0.237646	0.267155
-0.286512	0.225060
1.421232	0.132521
0.035677	0.299435
0.706606	0.077071
0.165491	0.152995
-0.831137	0.008420
1.059866	0.069077
-1.289492	0.104285
0.040541	0.337386
1.392946	0.131279
-0.997782	0.173083
-0.430517	0.267487
0.208750	0.283705
0.450010	0.334122
2.232656	0.003123
1.805582	0.003565
-0.577326	0.041411
-1.202021	0.071871
0.069227	0.183548
-0.800581	0.031422
-0.390310	0.198600
-0.336485	0.113586
-1.804018	0.074400
-1.013384	0.008876
0.756922	0.273544
0.147009	0.161964
1.242895	0.162481
1.452913	0.125484
-0.245714	0.175461
-0.250750	0.037340
-0.134363	0.315887
-0.724268	0.155471
1.723928	0.017940
1.847410	0.007065
-0.162916	0.010633
1.071634	0.046324
-1.277685	0.002903
0.781107	0.178001
0.184507	0.173928
1.499128	0.072808
-0.541601	0.022344
0.087881	0.230680
0.627470	0.002259
-0.651712	0.089896
0.900316	0.094693
-0.212698	0.294542
-0.897074	0.168067
0.350466	0.356393
-0.140924	0.372089
-0.871572	0.098079
2.157393	0.019884
0.526686	0.329352
0.059481	0.147599
0.213232	0.013859
0.937033	0.227038
-0.747900	0.046772
0.266027	0.076447
0.056906	0.139917
0.216150	0.239333
1.140108	0.205932
-0.148840	0.341510
2.074900	0.005147
1.006079	0.150982
0.286303	0.307373
0.312624	0.239769
1.094446	0.165459
-1.935987	0.037584
1.957808	0.022997
-0.441790	0.292162
-2.171354	0.036964
-0.723848	0.252658
-0.282087	0.233103
0.940390	0.092377
-1.670523	0.017509
-0.277452	0.242824
-0.025930	0.322223
-0.946093	0.192046
1.422606	0.047980
0.658598	0.200899
-0.491381	0.214972
-0.801630	0.288521
-0.721426	0.081420
0.237036	0.256615
0.076933	0.271129
1.827288	0.067222
0.648928	0.254950
-0.453539	0.278963
-0.549345	0.134829
-0.839376	0.212931
-1.874647	0.033952
-0.156221	0.324292
0.028639	0.345562
1.430960	0.098744
-0.434713	0.029700
-0.795450	0.070165
-0.818071	0.091871
0.996046	0.097924
-0.659819	0.260596
-1.028337	0.147354
0.597544	0.245160
-0.999269	0.133387
-0.938711	0.093940
0.730772	0.296877
1.895857	0.011979
0.436888	0.078494
1.018267	0.120003
0.704756	0.239184
-0.214319	0.317003
-0.158720	0.024078
-0.053053	0.250755
-0.252981	0.327002
0.314322	0.257148
-1.618795	0.072461
-0.893087	0.186695
-1.819944	0.020013
0.932150	0.199397
-1.275702	0.046829
-0.320196	0.069977
0.340528	0.019825
0.186548	0.272345
0.634527	0.227553
-0.315065	0.140591
0.801058	0.282190
-1.026754	0.124064
-1.542044	0.110535
-0.758257	0.280170
0.206594	0.080453
1.180029	0.054138
-0.125971	0.177970
0.059423	0.264496
-1.499949	0.000354
-0.820818	0.161401
0.842218	0.073834
0.379305	0.168439
-0.213156	0.167377
-1.098089	0.149443
-0.175714	0.014251
2.518206	0.002487
-0.819159	0.280696
-1.004972	0.006961
0.422831	0.263976
0.448046	0.122124
-0.135584	0.308145
-0.886583	0.066539
-0.119009	0.013276
-1.919947	0.023622
1.688070	0.076947
-0.017271	0.099532
0.584707	0.282065
-0.857859	0.042974
-0.991621	0.219939
-0.843134	0.105447
-0.104322	0.154976
-1.087904	0.138444
-0.450926	0.202686
0.111704	0.386701
-1.030493	0.012427
1.014357	0.129818
-1.435537	0.117550
0.315351	0.257574
1.721277	0.030641
-1.890249	0.038205
0.576582	0.288850
0.625830	0.275950
0.287256	0.233223
1.748495	0.042194
-1.868372	0.048347
0.644712	0.143459
-0.402288	0.034553
0.128279	0.139272
-0.145044	0.249632
2.223978	0.028904
0.629282	0.189873
0.628576	0.167469
1.078100	0.125457
0.860167	0.134880
0.852156	0.066230
-0.779905	0.253532
0.238733	0.009103
-1.391973	0.138229
-0.026751	0.384992
-0.032969	0.093182
1.137743	0.030026
-0.781488	0.138609
0.314589	0.041574
-0.304556	0.270177
-1.182604	0.189024
-0.826654	0.259218
-0.764685	0.166144
-0.766325	0.273463
0.732508	0.091937
1.073828	0.120555
0.677748	0.149057
1.614027	0.038318
2.182455	0.012671
1.251459	0.123785
0.412722	0.218075
0.059690	0.171228
-1.191702	0.015098
-1.750593	0.027258
0.286360	0.373349
-0.097361	0.238443
0.915880	0.058899
-0.281267	0.078571
-0.380964	0.207138
-0.048323	0.265977
1.999769	0.049401
-0.355425	0.321072
0.418291	0.332794
1.063395	0.144026
-1.949396	0.054201
-0.673742	0.256811
0.739679	0.038089
1.945219	0.031880
1.142473	0.189826
-0.356855	0.210979
1.198492	0.129176
0.217237	0.117390
0.647650	0.214399
1.141024	0.051207
-0.155134	0.190139
1.568918	0.013385
1.377745	0.107516
0.741873	0.286874
-0.103979	0.030845
-0.837355	0.206808
-0.211267	0.279512
1.409693	0.065348
-0.631628	0.211974
-1.066179	0.210395
0.530405	0.140967
-0.057650	0.329410
-1.303453	0.028019
-0.381117	0.156903
0.724020	0.052787
-0.665464	0.075577
0.453672	0.287795
-0.228682	0.334732
-0.815535	0.078876
-0.257463	0.206621
0.697947	0.245945
0.898428	0.213820
0.395002	0.267553
-0.270777	0.301727
-0.150671	0.081398
0.562296	0.290092
0.172319	0.294392
0.810671	0.176196
0.853395	0.167242
0.760069	0.005217
0.573568	0.197883
-0.579443	0.268448
-0.865946	0.197064
1.422262	0.021591
-0.668058	0.308062
0.707712	0.304005
-0.094595	0.129152
1.156225	0.166891
-0.034666	0.386732
-0.157442	0.001710
-0.972567	0.066487
1.368494	0.120736
1.401072	0.030406
0.535593	0.234558
0.805368	0.212990
0.693197	0.053491
0.090723	0.335798
1.840620	0.064674
0.463285	0.088441
-0.393209	0.178276
-1.807947	0.056433
-0.593348	0.240206
0.807676	0.192376
1.315985	0.049740
-0.576735	0.137492
-0.730505	0.118293
-0.042715	0.108287
1.395216	0.105120
-1.266184	0.064769
-0.113802	0.382609
1.300840	0.083432
1.450338	0.108544
-1.569872	0.005390
1.681337	0.002715
0.600443	0.005516
0.436888	0.150050
1.297197	0.061556
-0.510225	0.262537
0.423460	0.238029
-1.495066	0.007156
0.619078	0.022195
-0.126791	0.241475
0.162783	0.008663
-1.132898	0.117470
-0.607328	0.311402
-2.757235	0.006525
-0.984621	0.136901
-1.192923	0.127553
-1.107645	0.029974
-1.834745	0.067202
-0.061922	0.376695
-0.336275	0.171358
0.288343	0.249611
0.488958	0.165949
